1 3 2 1
1 4 3 1
1 5 4 1
1 6 5 1
1 7 6 1
1 8 7 1
1 9 8 1
1 10 9 1
1 11 10 1
1 12 11 1
1 13 12 1
1 14 13 1
1 15 14 1
1 16 15 1
1 17 16 1
1 18 17 1
1 19 18 1
1 20 19 1
1 21 20 1
1 22 21 1
1 23 22 1
1 24 23 1
1 25 24 1
1 26 25 1
1 27 26 1
1 28 27 1
1 29 28 1
1 30 29 1
1 31 30 1
1 32 31 1
1 33 32 1
1 34 33 1
1 35 34 1
1 36 35 1
1 37 36 1
1 38 37 1
1 39 38 1
1 40 39 1
1 41 40 1
1 42 41 1
1 43 42 1
1 44 43 1
1 45 44 1
1 46 45 1
1 47 46 1
1 48 47 1
1 49 48 1
1 50 49 1
1 51 50 1
1 52 51 1
1 53 52 1
1 54 53 1
1 55 54 1
1 56 55 1
1 57 56 1
1 58 57 1
1 59 58 1
1 60 59 1
1 61 60 1
1 62 61 1
1 63 62 1
1 64 63 1
1 65 64 1
1 66 65 1
1 67 66 1
1 68 67 1
1 69 68 1
1 70 69 1
1 71 70 1
1 72 71 1
1 73 72 1
1 74 73 1
1 75 74 1
1 76 75 1
1 77 76 1
1 78 77 1
1 79 78 1
1 80 79 1
1 81 80 1
1 82 81 1
1 83 82 1
1 84 83 1
1 85 84 1
1 86 85 1
1 87 86 1
1 88 87 1
1 89 88 1
1 90 89 1
1 91 90 1
1 2 91 1
3 93 92 2
4 94 93 3
5 95 94 4
6 96 95 5
7 97 96 6
8 98 97 7
9 99 98 8
10 100 99 9
11 101 100 10
12 102 101 11
13 103 102 12
14 104 103 13
15 105 104 14
16 106 105 15
17 107 106 16
18 108 107 17
19 109 108 18
20 110 109 19
21 111 110 20
22 112 111 21
23 113 112 22
24 114 113 23
25 115 114 24
26 116 115 25
27 117 116 26
28 118 117 27
29 119 118 28
30 120 119 29
31 121 120 30
32 122 121 31
33 123 122 32
34 124 123 33
35 125 124 34
36 126 125 35
37 127 126 36
38 128 127 37
39 129 128 38
40 130 129 39
41 131 130 40
42 132 131 41
43 133 132 42
44 134 133 43
45 135 134 44
46 136 135 45
47 137 136 46
48 138 137 47
49 139 138 48
50 140 139 49
51 141 140 50
52 142 141 51
53 143 142 52
54 144 143 53
55 145 144 54
56 146 145 55
57 147 146 56
58 148 147 57
59 149 148 58
60 150 149 59
61 151 150 60
62 152 151 61
63 153 152 62
64 154 153 63
65 155 154 64
66 156 155 65
67 157 156 66
68 158 157 67
69 159 158 68
70 160 159 69
71 161 160 70
72 162 161 71
73 163 162 72
74 164 163 73
75 165 164 74
76 166 165 75
77 167 166 76
78 168 167 77
79 169 168 78
80 170 169 79
81 171 170 80
82 172 171 81
83 173 172 82
84 174 173 83
85 175 174 84
86 176 175 85
87 177 176 86
88 178 177 87
89 179 178 88
90 180 179 89
91 181 180 90
2 92 181 91
93 183 182 92
94 184 183 93
95 185 184 94
96 186 185 95
97 187 186 96
98 188 187 97
99 189 188 98
100 190 189 99
101 191 190 100
102 192 191 101
103 193 192 102
104 194 193 103
105 195 194 104
106 196 195 105
107 197 196 106
108 198 197 107
109 199 198 108
110 200 199 109
111 201 200 110
112 202 201 111
113 203 202 112
114 204 203 113
115 205 204 114
116 206 205 115
117 207 206 116
118 208 207 117
119 209 208 118
120 210 209 119
121 211 210 120
122 212 211 121
123 213 212 122
124 214 213 123
125 215 214 124
126 216 215 125
127 217 216 126
128 218 217 127
129 219 218 128
130 220 219 129
131 221 220 130
132 222 221 131
133 223 222 132
134 224 223 133
135 225 224 134
136 226 225 135
137 227 226 136
138 228 227 137
139 229 228 138
140 230 229 139
141 231 230 140
142 232 231 141
143 233 232 142
144 234 233 143
145 235 234 144
146 236 235 145
147 237 236 146
148 238 237 147
149 239 238 148
150 240 239 149
151 241 240 150
152 242 241 151
153 243 242 152
154 244 243 153
155 245 244 154
156 246 245 155
157 247 246 156
158 248 247 157
159 249 248 158
160 250 249 159
161 251 250 160
162 252 251 161
163 253 252 162
164 254 253 163
165 255 254 164
166 256 255 165
167 257 256 166
168 258 257 167
169 259 258 168
170 260 259 169
171 261 260 170
172 262 261 171
173 263 262 172
174 264 263 173
175 265 264 174
176 266 265 175
177 267 266 176
178 268 267 177
179 269 268 178
180 270 269 179
181 271 270 180
92 182 271 181
183 273 272 182
184 274 273 183
185 275 274 184
186 276 275 185
187 277 276 186
188 278 277 187
189 279 278 188
190 280 279 189
191 281 280 190
192 282 281 191
193 283 282 192
194 284 283 193
195 285 284 194
196 286 285 195
197 287 286 196
198 288 287 197
199 289 288 198
200 290 289 199
201 291 290 200
202 292 291 201
203 293 292 202
204 294 293 203
205 295 294 204
206 296 295 205
207 297 296 206
208 298 297 207
209 299 298 208
210 300 299 209
211 301 300 210
212 302 301 211
213 303 302 212
214 304 303 213
215 305 304 214
216 306 305 215
217 307 306 216
218 308 307 217
219 309 308 218
220 310 309 219
221 311 310 220
222 312 311 221
223 313 312 222
224 314 313 223
225 315 314 224
226 316 315 225
227 317 316 226
228 318 317 227
229 319 318 228
230 320 319 229
231 321 320 230
232 322 321 231
233 323 322 232
234 324 323 233
235 325 324 234
236 326 325 235
237 327 326 236
238 328 327 237
239 329 328 238
240 330 329 239
241 331 330 240
242 332 331 241
243 333 332 242
244 334 333 243
245 335 334 244
246 336 335 245
247 337 336 246
248 338 337 247
249 339 338 248
250 340 339 249
251 341 340 250
252 342 341 251
253 343 342 252
254 344 343 253
255 345 344 254
256 346 345 255
257 347 346 256
258 348 347 257
259 349 348 258
260 350 349 259
261 351 350 260
262 352 351 261
263 353 352 262
264 354 353 263
265 355 354 264
266 356 355 265
267 357 356 266
268 358 357 267
269 359 358 268
270 360 359 269
271 361 360 270
182 272 361 271
273 363 362 272
274 364 363 273
275 365 364 274
276 366 365 275
277 367 366 276
278 368 367 277
279 369 368 278
280 370 369 279
281 371 370 280
282 372 371 281
283 373 372 282
284 374 373 283
285 375 374 284
286 376 375 285
287 377 376 286
288 378 377 287
289 379 378 288
290 380 379 289
291 381 380 290
292 382 381 291
293 383 382 292
294 384 383 293
295 385 384 294
296 386 385 295
297 387 386 296
298 388 387 297
299 389 388 298
300 390 389 299
301 391 390 300
302 392 391 301
303 393 392 302
304 394 393 303
305 395 394 304
306 396 395 305
307 397 396 306
308 398 397 307
309 399 398 308
310 400 399 309
311 401 400 310
312 402 401 311
313 403 402 312
314 404 403 313
315 405 404 314
316 406 405 315
317 407 406 316
318 408 407 317
319 409 408 318
320 410 409 319
321 411 410 320
322 412 411 321
323 413 412 322
324 414 413 323
325 415 414 324
326 416 415 325
327 417 416 326
328 418 417 327
329 419 418 328
330 420 419 329
331 421 420 330
332 422 421 331
333 423 422 332
334 424 423 333
335 425 424 334
336 426 425 335
337 427 426 336
338 428 427 337
339 429 428 338
340 430 429 339
341 431 430 340
342 432 431 341
343 433 432 342
344 434 433 343
345 435 434 344
346 436 435 345
347 437 436 346
348 438 437 347
349 439 438 348
350 440 439 349
351 441 440 350
352 442 441 351
353 443 442 352
354 444 443 353
355 445 444 354
356 446 445 355
357 447 446 356
358 448 447 357
359 449 448 358
360 450 449 359
361 451 450 360
272 362 451 361
363 453 452 362
364 454 453 363
365 455 454 364
366 456 455 365
367 457 456 366
368 458 457 367
369 459 458 368
370 460 459 369
371 461 460 370
372 462 461 371
373 463 462 372
374 464 463 373
375 465 464 374
376 466 465 375
377 467 466 376
378 468 467 377
379 469 468 378
380 470 469 379
381 471 470 380
382 472 471 381
383 473 472 382
384 474 473 383
385 475 474 384
386 476 475 385
387 477 476 386
388 478 477 387
389 479 478 388
390 480 479 389
391 481 480 390
392 482 481 391
393 483 482 392
394 484 483 393
395 485 484 394
396 486 485 395
397 487 486 396
398 488 487 397
399 489 488 398
400 490 489 399
401 491 490 400
402 492 491 401
403 493 492 402
404 494 493 403
405 495 494 404
406 496 495 405
407 497 496 406
408 498 497 407
409 499 498 408
410 500 499 409
411 501 500 410
412 502 501 411
413 503 502 412
414 504 503 413
415 505 504 414
416 506 505 415
417 507 506 416
418 508 507 417
419 509 508 418
420 510 509 419
421 511 510 420
422 512 511 421
423 513 512 422
424 514 513 423
425 515 514 424
426 516 515 425
427 517 516 426
428 518 517 427
429 519 518 428
430 520 519 429
431 521 520 430
432 522 521 431
433 523 522 432
434 524 523 433
435 525 524 434
436 526 525 435
437 527 526 436
438 528 527 437
439 529 528 438
440 530 529 439
441 531 530 440
442 532 531 441
443 533 532 442
444 534 533 443
445 535 534 444
446 536 535 445
447 537 536 446
448 538 537 447
449 539 538 448
450 540 539 449
451 541 540 450
362 452 541 451
453 543 542 452
454 544 543 453
455 545 544 454
456 546 545 455
457 547 546 456
458 548 547 457
459 549 548 458
460 550 549 459
461 551 550 460
462 552 551 461
463 553 552 462
464 554 553 463
465 555 554 464
466 556 555 465
467 557 556 466
468 558 557 467
469 559 558 468
470 560 559 469
471 561 560 470
472 562 561 471
473 563 562 472
474 564 563 473
475 565 564 474
476 566 565 475
477 567 566 476
478 568 567 477
479 569 568 478
480 570 569 479
481 571 570 480
482 572 571 481
483 573 572 482
484 574 573 483
485 575 574 484
486 576 575 485
487 577 576 486
488 578 577 487
489 579 578 488
490 580 579 489
491 581 580 490
492 582 581 491
493 583 582 492
494 584 583 493
495 585 584 494
496 586 585 495
497 587 586 496
498 588 587 497
499 589 588 498
500 590 589 499
501 591 590 500
502 592 591 501
503 593 592 502
504 594 593 503
505 595 594 504
506 596 595 505
507 597 596 506
508 598 597 507
509 599 598 508
510 600 599 509
511 601 600 510
512 602 601 511
513 603 602 512
514 604 603 513
515 605 604 514
516 606 605 515
517 607 606 516
518 608 607 517
519 609 608 518
520 610 609 519
521 611 610 520
522 612 611 521
523 613 612 522
524 614 613 523
525 615 614 524
526 616 615 525
527 617 616 526
528 618 617 527
529 619 618 528
530 620 619 529
531 621 620 530
532 622 621 531
533 623 622 532
534 624 623 533
535 625 624 534
536 626 625 535
537 627 626 536
538 628 627 537
539 629 628 538
540 630 629 539
541 631 630 540
452 542 631 541
543 633 632 542
544 634 633 543
545 635 634 544
546 636 635 545
547 637 636 546
548 638 637 547
549 639 638 548
550 640 639 549
551 641 640 550
552 642 641 551
553 643 642 552
554 644 643 553
555 645 644 554
556 646 645 555
557 647 646 556
558 648 647 557
559 649 648 558
560 650 649 559
561 651 650 560
562 652 651 561
563 653 652 562
564 654 653 563
565 655 654 564
566 656 655 565
567 657 656 566
568 658 657 567
569 659 658 568
570 660 659 569
571 661 660 570
572 662 661 571
573 663 662 572
574 664 663 573
575 665 664 574
576 666 665 575
577 667 666 576
578 668 667 577
579 669 668 578
580 670 669 579
581 671 670 580
582 672 671 581
583 673 672 582
584 674 673 583
585 675 674 584
586 676 675 585
587 677 676 586
588 678 677 587
589 679 678 588
590 680 679 589
591 681 680 590
592 682 681 591
593 683 682 592
594 684 683 593
595 685 684 594
596 686 685 595
597 687 686 596
598 688 687 597
599 689 688 598
600 690 689 599
601 691 690 600
602 692 691 601
603 693 692 602
604 694 693 603
605 695 694 604
606 696 695 605
607 697 696 606
608 698 697 607
609 699 698 608
610 700 699 609
611 701 700 610
612 702 701 611
613 703 702 612
614 704 703 613
615 705 704 614
616 706 705 615
617 707 706 616
618 708 707 617
619 709 708 618
620 710 709 619
621 711 710 620
622 712 711 621
623 713 712 622
624 714 713 623
625 715 714 624
626 716 715 625
627 717 716 626
628 718 717 627
629 719 718 628
630 720 719 629
631 721 720 630
542 632 721 631
633 723 722 632
634 724 723 633
635 725 724 634
636 726 725 635
637 727 726 636
638 728 727 637
639 729 728 638
640 730 729 639
641 731 730 640
642 732 731 641
643 733 732 642
644 734 733 643
645 735 734 644
646 736 735 645
647 737 736 646
648 738 737 647
649 739 738 648
650 740 739 649
651 741 740 650
652 742 741 651
653 743 742 652
654 744 743 653
655 745 744 654
656 746 745 655
657 747 746 656
658 748 747 657
659 749 748 658
660 750 749 659
661 751 750 660
662 752 751 661
663 753 752 662
664 754 753 663
665 755 754 664
666 756 755 665
667 757 756 666
668 758 757 667
669 759 758 668
670 760 759 669
671 761 760 670
672 762 761 671
673 763 762 672
674 764 763 673
675 765 764 674
676 766 765 675
677 767 766 676
678 768 767 677
679 769 768 678
680 770 769 679
681 771 770 680
682 772 771 681
683 773 772 682
684 774 773 683
685 775 774 684
686 776 775 685
687 777 776 686
688 778 777 687
689 779 778 688
690 780 779 689
691 781 780 690
692 782 781 691
693 783 782 692
694 784 783 693
695 785 784 694
696 786 785 695
697 787 786 696
698 788 787 697
699 789 788 698
700 790 789 699
701 791 790 700
702 792 791 701
703 793 792 702
704 794 793 703
705 795 794 704
706 796 795 705
707 797 796 706
708 798 797 707
709 799 798 708
710 800 799 709
711 801 800 710
712 802 801 711
713 803 802 712
714 804 803 713
715 805 804 714
716 806 805 715
717 807 806 716
718 808 807 717
719 809 808 718
720 810 809 719
721 811 810 720
632 722 811 721
723 813 812 722
724 814 813 723
725 815 814 724
726 816 815 725
727 817 816 726
728 818 817 727
729 819 818 728
730 820 819 729
731 821 820 730
732 822 821 731
733 823 822 732
734 824 823 733
735 825 824 734
736 826 825 735
737 827 826 736
738 828 827 737
739 829 828 738
740 830 829 739
741 831 830 740
742 832 831 741
743 833 832 742
744 834 833 743
745 835 834 744
746 836 835 745
747 837 836 746
748 838 837 747
749 839 838 748
750 840 839 749
751 841 840 750
752 842 841 751
753 843 842 752
754 844 843 753
755 845 844 754
756 846 845 755
757 847 846 756
758 848 847 757
759 849 848 758
760 850 849 759
761 851 850 760
762 852 851 761
763 853 852 762
764 854 853 763
765 855 854 764
766 856 855 765
767 857 856 766
768 858 857 767
769 859 858 768
770 860 859 769
771 861 860 770
772 862 861 771
773 863 862 772
774 864 863 773
775 865 864 774
776 866 865 775
777 867 866 776
778 868 867 777
779 869 868 778
780 870 869 779
781 871 870 780
782 872 871 781
783 873 872 782
784 874 873 783
785 875 874 784
786 876 875 785
787 877 876 786
788 878 877 787
789 879 878 788
790 880 879 789
791 881 880 790
792 882 881 791
793 883 882 792
794 884 883 793
795 885 884 794
796 886 885 795
797 887 886 796
798 888 887 797
799 889 888 798
800 890 889 799
801 891 890 800
802 892 891 801
803 893 892 802
804 894 893 803
805 895 894 804
806 896 895 805
807 897 896 806
808 898 897 807
809 899 898 808
810 900 899 809
811 901 900 810
722 812 901 811
813 903 902 812
814 904 903 813
815 905 904 814
816 906 905 815
817 907 906 816
818 908 907 817
819 909 908 818
820 910 909 819
821 911 910 820
822 912 911 821
823 913 912 822
824 914 913 823
825 915 914 824
826 916 915 825
827 917 916 826
828 918 917 827
829 919 918 828
830 920 919 829
831 921 920 830
832 922 921 831
833 923 922 832
834 924 923 833
835 925 924 834
836 926 925 835
837 927 926 836
838 928 927 837
839 929 928 838
840 930 929 839
841 931 930 840
842 932 931 841
843 933 932 842
844 934 933 843
845 935 934 844
846 936 935 845
847 937 936 846
848 938 937 847
849 939 938 848
850 940 939 849
851 941 940 850
852 942 941 851
853 943 942 852
854 944 943 853
855 945 944 854
856 946 945 855
857 947 946 856
858 948 947 857
859 949 948 858
860 950 949 859
861 951 950 860
862 952 951 861
863 953 952 862
864 954 953 863
865 955 954 864
866 956 955 865
867 957 956 866
868 958 957 867
869 959 958 868
870 960 959 869
871 961 960 870
872 962 961 871
873 963 962 872
874 964 963 873
875 965 964 874
876 966 965 875
877 967 966 876
878 968 967 877
879 969 968 878
880 970 969 879
881 971 970 880
882 972 971 881
883 973 972 882
884 974 973 883
885 975 974 884
886 976 975 885
887 977 976 886
888 978 977 887
889 979 978 888
890 980 979 889
891 981 980 890
892 982 981 891
893 983 982 892
894 984 983 893
895 985 984 894
896 986 985 895
897 987 986 896
898 988 987 897
899 989 988 898
900 990 989 899
901 991 990 900
812 902 991 901
903 993 992 902
904 994 993 903
905 995 994 904
906 996 995 905
907 997 996 906
908 998 997 907
909 999 998 908
910 1000 999 909
911 1001 1000 910
912 1002 1001 911
913 1003 1002 912
914 1004 1003 913
915 1005 1004 914
916 1006 1005 915
917 1007 1006 916
918 1008 1007 917
919 1009 1008 918
920 1010 1009 919
921 1011 1010 920
922 1012 1011 921
923 1013 1012 922
924 1014 1013 923
925 1015 1014 924
926 1016 1015 925
927 1017 1016 926
928 1018 1017 927
929 1019 1018 928
930 1020 1019 929
931 1021 1020 930
932 1022 1021 931
933 1023 1022 932
934 1024 1023 933
935 1025 1024 934
936 1026 1025 935
937 1027 1026 936
938 1028 1027 937
939 1029 1028 938
940 1030 1029 939
941 1031 1030 940
942 1032 1031 941
943 1033 1032 942
944 1034 1033 943
945 1035 1034 944
946 1036 1035 945
947 1037 1036 946
948 1038 1037 947
949 1039 1038 948
950 1040 1039 949
951 1041 1040 950
952 1042 1041 951
953 1043 1042 952
954 1044 1043 953
955 1045 1044 954
956 1046 1045 955
957 1047 1046 956
958 1048 1047 957
959 1049 1048 958
960 1050 1049 959
961 1051 1050 960
962 1052 1051 961
963 1053 1052 962
964 1054 1053 963
965 1055 1054 964
966 1056 1055 965
967 1057 1056 966
968 1058 1057 967
969 1059 1058 968
970 1060 1059 969
971 1061 1060 970
972 1062 1061 971
973 1063 1062 972
974 1064 1063 973
975 1065 1064 974
976 1066 1065 975
977 1067 1066 976
978 1068 1067 977
979 1069 1068 978
980 1070 1069 979
981 1071 1070 980
982 1072 1071 981
983 1073 1072 982
984 1074 1073 983
985 1075 1074 984
986 1076 1075 985
987 1077 1076 986
988 1078 1077 987
989 1079 1078 988
990 1080 1079 989
991 1081 1080 990
902 992 1081 991
993 1083 1082 992
994 1084 1083 993
995 1085 1084 994
996 1086 1085 995
997 1087 1086 996
998 1088 1087 997
999 1089 1088 998
1000 1090 1089 999
1001 1091 1090 1000
1002 1092 1091 1001
1003 1093 1092 1002
1004 1094 1093 1003
1005 1095 1094 1004
1006 1096 1095 1005
1007 1097 1096 1006
1008 1098 1097 1007
1009 1099 1098 1008
1010 1100 1099 1009
1011 1101 1100 1010
1012 1102 1101 1011
1013 1103 1102 1012
1014 1104 1103 1013
1015 1105 1104 1014
1016 1106 1105 1015
1017 1107 1106 1016
1018 1108 1107 1017
1019 1109 1108 1018
1020 1110 1109 1019
1021 1111 1110 1020
1022 1112 1111 1021
1023 1113 1112 1022
1024 1114 1113 1023
1025 1115 1114 1024
1026 1116 1115 1025
1027 1117 1116 1026
1028 1118 1117 1027
1029 1119 1118 1028
1030 1120 1119 1029
1031 1121 1120 1030
1032 1122 1121 1031
1033 1123 1122 1032
1034 1124 1123 1033
1035 1125 1124 1034
1036 1126 1125 1035
1037 1127 1126 1036
1038 1128 1127 1037
1039 1129 1128 1038
1040 1130 1129 1039
1041 1131 1130 1040
1042 1132 1131 1041
1043 1133 1132 1042
1044 1134 1133 1043
1045 1135 1134 1044
1046 1136 1135 1045
1047 1137 1136 1046
1048 1138 1137 1047
1049 1139 1138 1048
1050 1140 1139 1049
1051 1141 1140 1050
1052 1142 1141 1051
1053 1143 1142 1052
1054 1144 1143 1053
1055 1145 1144 1054
1056 1146 1145 1055
1057 1147 1146 1056
1058 1148 1147 1057
1059 1149 1148 1058
1060 1150 1149 1059
1061 1151 1150 1060
1062 1152 1151 1061
1063 1153 1152 1062
1064 1154 1153 1063
1065 1155 1154 1064
1066 1156 1155 1065
1067 1157 1156 1066
1068 1158 1157 1067
1069 1159 1158 1068
1070 1160 1159 1069
1071 1161 1160 1070
1072 1162 1161 1071
1073 1163 1162 1072
1074 1164 1163 1073
1075 1165 1164 1074
1076 1166 1165 1075
1077 1167 1166 1076
1078 1168 1167 1077
1079 1169 1168 1078
1080 1170 1169 1079
1081 1171 1170 1080
992 1082 1171 1081
1083 1173 1172 1082
1084 1174 1173 1083
1085 1175 1174 1084
1086 1176 1175 1085
1087 1177 1176 1086
1088 1178 1177 1087
1089 1179 1178 1088
1090 1180 1179 1089
1091 1181 1180 1090
1092 1182 1181 1091
1093 1183 1182 1092
1094 1184 1183 1093
1095 1185 1184 1094
1096 1186 1185 1095
1097 1187 1186 1096
1098 1188 1187 1097
1099 1189 1188 1098
1100 1190 1189 1099
1101 1191 1190 1100
1102 1192 1191 1101
1103 1193 1192 1102
1104 1194 1193 1103
1105 1195 1194 1104
1106 1196 1195 1105
1107 1197 1196 1106
1108 1198 1197 1107
1109 1199 1198 1108
1110 1200 1199 1109
1111 1201 1200 1110
1112 1202 1201 1111
1113 1203 1202 1112
1114 1204 1203 1113
1115 1205 1204 1114
1116 1206 1205 1115
1117 1207 1206 1116
1118 1208 1207 1117
1119 1209 1208 1118
1120 1210 1209 1119
1121 1211 1210 1120
1122 1212 1211 1121
1123 1213 1212 1122
1124 1214 1213 1123
1125 1215 1214 1124
1126 1216 1215 1125
1127 1217 1216 1126
1128 1218 1217 1127
1129 1219 1218 1128
1130 1220 1219 1129
1131 1221 1220 1130
1132 1222 1221 1131
1133 1223 1222 1132
1134 1224 1223 1133
1135 1225 1224 1134
1136 1226 1225 1135
1137 1227 1226 1136
1138 1228 1227 1137
1139 1229 1228 1138
1140 1230 1229 1139
1141 1231 1230 1140
1142 1232 1231 1141
1143 1233 1232 1142
1144 1234 1233 1143
1145 1235 1234 1144
1146 1236 1235 1145
1147 1237 1236 1146
1148 1238 1237 1147
1149 1239 1238 1148
1150 1240 1239 1149
1151 1241 1240 1150
1152 1242 1241 1151
1153 1243 1242 1152
1154 1244 1243 1153
1155 1245 1244 1154
1156 1246 1245 1155
1157 1247 1246 1156
1158 1248 1247 1157
1159 1249 1248 1158
1160 1250 1249 1159
1161 1251 1250 1160
1162 1252 1251 1161
1163 1253 1252 1162
1164 1254 1253 1163
1165 1255 1254 1164
1166 1256 1255 1165
1167 1257 1256 1166
1168 1258 1257 1167
1169 1259 1258 1168
1170 1260 1259 1169
1171 1261 1260 1170
1082 1172 1261 1171
1173 1263 1262 1172
1174 1264 1263 1173
1175 1265 1264 1174
1176 1266 1265 1175
1177 1267 1266 1176
1178 1268 1267 1177
1179 1269 1268 1178
1180 1270 1269 1179
1181 1271 1270 1180
1182 1272 1271 1181
1183 1273 1272 1182
1184 1274 1273 1183
1185 1275 1274 1184
1186 1276 1275 1185
1187 1277 1276 1186
1188 1278 1277 1187
1189 1279 1278 1188
1190 1280 1279 1189
1191 1281 1280 1190
1192 1282 1281 1191
1193 1283 1282 1192
1194 1284 1283 1193
1195 1285 1284 1194
1196 1286 1285 1195
1197 1287 1286 1196
1198 1288 1287 1197
1199 1289 1288 1198
1200 1290 1289 1199
1201 1291 1290 1200
1202 1292 1291 1201
1203 1293 1292 1202
1204 1294 1293 1203
1205 1295 1294 1204
1206 1296 1295 1205
1207 1297 1296 1206
1208 1298 1297 1207
1209 1299 1298 1208
1210 1300 1299 1209
1211 1301 1300 1210
1212 1302 1301 1211
1213 1303 1302 1212
1214 1304 1303 1213
1215 1305 1304 1214
1216 1306 1305 1215
1217 1307 1306 1216
1218 1308 1307 1217
1219 1309 1308 1218
1220 1310 1309 1219
1221 1311 1310 1220
1222 1312 1311 1221
1223 1313 1312 1222
1224 1314 1313 1223
1225 1315 1314 1224
1226 1316 1315 1225
1227 1317 1316 1226
1228 1318 1317 1227
1229 1319 1318 1228
1230 1320 1319 1229
1231 1321 1320 1230
1232 1322 1321 1231
1233 1323 1322 1232
1234 1324 1323 1233
1235 1325 1324 1234
1236 1326 1325 1235
1237 1327 1326 1236
1238 1328 1327 1237
1239 1329 1328 1238
1240 1330 1329 1239
1241 1331 1330 1240
1242 1332 1331 1241
1243 1333 1332 1242
1244 1334 1333 1243
1245 1335 1334 1244
1246 1336 1335 1245
1247 1337 1336 1246
1248 1338 1337 1247
1249 1339 1338 1248
1250 1340 1339 1249
1251 1341 1340 1250
1252 1342 1341 1251
1253 1343 1342 1252
1254 1344 1343 1253
1255 1345 1344 1254
1256 1346 1345 1255
1257 1347 1346 1256
1258 1348 1347 1257
1259 1349 1348 1258
1260 1350 1349 1259
1261 1351 1350 1260
1172 1262 1351 1261
1263 1353 1352 1262
1264 1354 1353 1263
1265 1355 1354 1264
1266 1356 1355 1265
1267 1357 1356 1266
1268 1358 1357 1267
1269 1359 1358 1268
1270 1360 1359 1269
1271 1361 1360 1270
1272 1362 1361 1271
1273 1363 1362 1272
1274 1364 1363 1273
1275 1365 1364 1274
1276 1366 1365 1275
1277 1367 1366 1276
1278 1368 1367 1277
1279 1369 1368 1278
1280 1370 1369 1279
1281 1371 1370 1280
1282 1372 1371 1281
1283 1373 1372 1282
1284 1374 1373 1283
1285 1375 1374 1284
1286 1376 1375 1285
1287 1377 1376 1286
1288 1378 1377 1287
1289 1379 1378 1288
1290 1380 1379 1289
1291 1381 1380 1290
1292 1382 1381 1291
1293 1383 1382 1292
1294 1384 1383 1293
1295 1385 1384 1294
1296 1386 1385 1295
1297 1387 1386 1296
1298 1388 1387 1297
1299 1389 1388 1298
1300 1390 1389 1299
1301 1391 1390 1300
1302 1392 1391 1301
1303 1393 1392 1302
1304 1394 1393 1303
1305 1395 1394 1304
1306 1396 1395 1305
1307 1397 1396 1306
1308 1398 1397 1307
1309 1399 1398 1308
1310 1400 1399 1309
1311 1401 1400 1310
1312 1402 1401 1311
1313 1403 1402 1312
1314 1404 1403 1313
1315 1405 1404 1314
1316 1406 1405 1315
1317 1407 1406 1316
1318 1408 1407 1317
1319 1409 1408 1318
1320 1410 1409 1319
1321 1411 1410 1320
1322 1412 1411 1321
1323 1413 1412 1322
1324 1414 1413 1323
1325 1415 1414 1324
1326 1416 1415 1325
1327 1417 1416 1326
1328 1418 1417 1327
1329 1419 1418 1328
1330 1420 1419 1329
1331 1421 1420 1330
1332 1422 1421 1331
1333 1423 1422 1332
1334 1424 1423 1333
1335 1425 1424 1334
1336 1426 1425 1335
1337 1427 1426 1336
1338 1428 1427 1337
1339 1429 1428 1338
1340 1430 1429 1339
1341 1431 1430 1340
1342 1432 1431 1341
1343 1433 1432 1342
1344 1434 1433 1343
1345 1435 1434 1344
1346 1436 1435 1345
1347 1437 1436 1346
1348 1438 1437 1347
1349 1439 1438 1348
1350 1440 1439 1349
1351 1441 1440 1350
1262 1352 1441 1351
1353 1443 1442 1352
1354 1444 1443 1353
1355 1445 1444 1354
1356 1446 1445 1355
1357 1447 1446 1356
1358 1448 1447 1357
1359 1449 1448 1358
1360 1450 1449 1359
1361 1451 1450 1360
1362 1452 1451 1361
1363 1453 1452 1362
1364 1454 1453 1363
1365 1455 1454 1364
1366 1456 1455 1365
1367 1457 1456 1366
1368 1458 1457 1367
1369 1459 1458 1368
1370 1460 1459 1369
1371 1461 1460 1370
1372 1462 1461 1371
1373 1463 1462 1372
1374 1464 1463 1373
1375 1465 1464 1374
1376 1466 1465 1375
1377 1467 1466 1376
1378 1468 1467 1377
1379 1469 1468 1378
1380 1470 1469 1379
1381 1471 1470 1380
1382 1472 1471 1381
1383 1473 1472 1382
1384 1474 1473 1383
1385 1475 1474 1384
1386 1476 1475 1385
1387 1477 1476 1386
1388 1478 1477 1387
1389 1479 1478 1388
1390 1480 1479 1389
1391 1481 1480 1390
1392 1482 1481 1391
1393 1483 1482 1392
1394 1484 1483 1393
1395 1485 1484 1394
1396 1486 1485 1395
1397 1487 1486 1396
1398 1488 1487 1397
1399 1489 1488 1398
1400 1490 1489 1399
1401 1491 1490 1400
1402 1492 1491 1401
1403 1493 1492 1402
1404 1494 1493 1403
1405 1495 1494 1404
1406 1496 1495 1405
1407 1497 1496 1406
1408 1498 1497 1407
1409 1499 1498 1408
1410 1500 1499 1409
1411 1501 1500 1410
1412 1502 1501 1411
1413 1503 1502 1412
1414 1504 1503 1413
1415 1505 1504 1414
1416 1506 1505 1415
1417 1507 1506 1416
1418 1508 1507 1417
1419 1509 1508 1418
1420 1510 1509 1419
1421 1511 1510 1420
1422 1512 1511 1421
1423 1513 1512 1422
1424 1514 1513 1423
1425 1515 1514 1424
1426 1516 1515 1425
1427 1517 1516 1426
1428 1518 1517 1427
1429 1519 1518 1428
1430 1520 1519 1429
1431 1521 1520 1430
1432 1522 1521 1431
1433 1523 1522 1432
1434 1524 1523 1433
1435 1525 1524 1434
1436 1526 1525 1435
1437 1527 1526 1436
1438 1528 1527 1437
1439 1529 1528 1438
1440 1530 1529 1439
1441 1531 1530 1440
1352 1442 1531 1441
1443 1533 1532 1442
1444 1534 1533 1443
1445 1535 1534 1444
1446 1536 1535 1445
1447 1537 1536 1446
1448 1538 1537 1447
1449 1539 1538 1448
1450 1540 1539 1449
1451 1541 1540 1450
1452 1542 1541 1451
1453 1543 1542 1452
1454 1544 1543 1453
1455 1545 1544 1454
1456 1546 1545 1455
1457 1547 1546 1456
1458 1548 1547 1457
1459 1549 1548 1458
1460 1550 1549 1459
1461 1551 1550 1460
1462 1552 1551 1461
1463 1553 1552 1462
1464 1554 1553 1463
1465 1555 1554 1464
1466 1556 1555 1465
1467 1557 1556 1466
1468 1558 1557 1467
1469 1559 1558 1468
1470 1560 1559 1469
1471 1561 1560 1470
1472 1562 1561 1471
1473 1563 1562 1472
1474 1564 1563 1473
1475 1565 1564 1474
1476 1566 1565 1475
1477 1567 1566 1476
1478 1568 1567 1477
1479 1569 1568 1478
1480 1570 1569 1479
1481 1571 1570 1480
1482 1572 1571 1481
1483 1573 1572 1482
1484 1574 1573 1483
1485 1575 1574 1484
1486 1576 1575 1485
1487 1577 1576 1486
1488 1578 1577 1487
1489 1579 1578 1488
1490 1580 1579 1489
1491 1581 1580 1490
1492 1582 1581 1491
1493 1583 1582 1492
1494 1584 1583 1493
1495 1585 1584 1494
1496 1586 1585 1495
1497 1587 1586 1496
1498 1588 1587 1497
1499 1589 1588 1498
1500 1590 1589 1499
1501 1591 1590 1500
1502 1592 1591 1501
1503 1593 1592 1502
1504 1594 1593 1503
1505 1595 1594 1504
1506 1596 1595 1505
1507 1597 1596 1506
1508 1598 1597 1507
1509 1599 1598 1508
1510 1600 1599 1509
1511 1601 1600 1510
1512 1602 1601 1511
1513 1603 1602 1512
1514 1604 1603 1513
1515 1605 1604 1514
1516 1606 1605 1515
1517 1607 1606 1516
1518 1608 1607 1517
1519 1609 1608 1518
1520 1610 1609 1519
1521 1611 1610 1520
1522 1612 1611 1521
1523 1613 1612 1522
1524 1614 1613 1523
1525 1615 1614 1524
1526 1616 1615 1525
1527 1617 1616 1526
1528 1618 1617 1527
1529 1619 1618 1528
1530 1620 1619 1529
1531 1621 1620 1530
1442 1532 1621 1531
1533 1623 1622 1532
1534 1624 1623 1533
1535 1625 1624 1534
1536 1626 1625 1535
1537 1627 1626 1536
1538 1628 1627 1537
1539 1629 1628 1538
1540 1630 1629 1539
1541 1631 1630 1540
1542 1632 1631 1541
1543 1633 1632 1542
1544 1634 1633 1543
1545 1635 1634 1544
1546 1636 1635 1545
1547 1637 1636 1546
1548 1638 1637 1547
1549 1639 1638 1548
1550 1640 1639 1549
1551 1641 1640 1550
1552 1642 1641 1551
1553 1643 1642 1552
1554 1644 1643 1553
1555 1645 1644 1554
1556 1646 1645 1555
1557 1647 1646 1556
1558 1648 1647 1557
1559 1649 1648 1558
1560 1650 1649 1559
1561 1651 1650 1560
1562 1652 1651 1561
1563 1653 1652 1562
1564 1654 1653 1563
1565 1655 1654 1564
1566 1656 1655 1565
1567 1657 1656 1566
1568 1658 1657 1567
1569 1659 1658 1568
1570 1660 1659 1569
1571 1661 1660 1570
1572 1662 1661 1571
1573 1663 1662 1572
1574 1664 1663 1573
1575 1665 1664 1574
1576 1666 1665 1575
1577 1667 1666 1576
1578 1668 1667 1577
1579 1669 1668 1578
1580 1670 1669 1579
1581 1671 1670 1580
1582 1672 1671 1581
1583 1673 1672 1582
1584 1674 1673 1583
1585 1675 1674 1584
1586 1676 1675 1585
1587 1677 1676 1586
1588 1678 1677 1587
1589 1679 1678 1588
1590 1680 1679 1589
1591 1681 1680 1590
1592 1682 1681 1591
1593 1683 1682 1592
1594 1684 1683 1593
1595 1685 1684 1594
1596 1686 1685 1595
1597 1687 1686 1596
1598 1688 1687 1597
1599 1689 1688 1598
1600 1690 1689 1599
1601 1691 1690 1600
1602 1692 1691 1601
1603 1693 1692 1602
1604 1694 1693 1603
1605 1695 1694 1604
1606 1696 1695 1605
1607 1697 1696 1606
1608 1698 1697 1607
1609 1699 1698 1608
1610 1700 1699 1609
1611 1701 1700 1610
1612 1702 1701 1611
1613 1703 1702 1612
1614 1704 1703 1613
1615 1705 1704 1614
1616 1706 1705 1615
1617 1707 1706 1616
1618 1708 1707 1617
1619 1709 1708 1618
1620 1710 1709 1619
1621 1711 1710 1620
1532 1622 1711 1621
1623 1713 1712 1622
1624 1714 1713 1623
1625 1715 1714 1624
1626 1716 1715 1625
1627 1717 1716 1626
1628 1718 1717 1627
1629 1719 1718 1628
1630 1720 1719 1629
1631 1721 1720 1630
1632 1722 1721 1631
1633 1723 1722 1632
1634 1724 1723 1633
1635 1725 1724 1634
1636 1726 1725 1635
1637 1727 1726 1636
1638 1728 1727 1637
1639 1729 1728 1638
1640 1730 1729 1639
1641 1731 1730 1640
1642 1732 1731 1641
1643 1733 1732 1642
1644 1734 1733 1643
1645 1735 1734 1644
1646 1736 1735 1645
1647 1737 1736 1646
1648 1738 1737 1647
1649 1739 1738 1648
1650 1740 1739 1649
1651 1741 1740 1650
1652 1742 1741 1651
1653 1743 1742 1652
1654 1744 1743 1653
1655 1745 1744 1654
1656 1746 1745 1655
1657 1747 1746 1656
1658 1748 1747 1657
1659 1749 1748 1658
1660 1750 1749 1659
1661 1751 1750 1660
1662 1752 1751 1661
1663 1753 1752 1662
1664 1754 1753 1663
1665 1755 1754 1664
1666 1756 1755 1665
1667 1757 1756 1666
1668 1758 1757 1667
1669 1759 1758 1668
1670 1760 1759 1669
1671 1761 1760 1670
1672 1762 1761 1671
1673 1763 1762 1672
1674 1764 1763 1673
1675 1765 1764 1674
1676 1766 1765 1675
1677 1767 1766 1676
1678 1768 1767 1677
1679 1769 1768 1678
1680 1770 1769 1679
1681 1771 1770 1680
1682 1772 1771 1681
1683 1773 1772 1682
1684 1774 1773 1683
1685 1775 1774 1684
1686 1776 1775 1685
1687 1777 1776 1686
1688 1778 1777 1687
1689 1779 1778 1688
1690 1780 1779 1689
1691 1781 1780 1690
1692 1782 1781 1691
1693 1783 1782 1692
1694 1784 1783 1693
1695 1785 1784 1694
1696 1786 1785 1695
1697 1787 1786 1696
1698 1788 1787 1697
1699 1789 1788 1698
1700 1790 1789 1699
1701 1791 1790 1700
1702 1792 1791 1701
1703 1793 1792 1702
1704 1794 1793 1703
1705 1795 1794 1704
1706 1796 1795 1705
1707 1797 1796 1706
1708 1798 1797 1707
1709 1799 1798 1708
1710 1800 1799 1709
1711 1801 1800 1710
1622 1712 1801 1711
1713 1803 1802 1712
1714 1804 1803 1713
1715 1805 1804 1714
1716 1806 1805 1715
1717 1807 1806 1716
1718 1808 1807 1717
1719 1809 1808 1718
1720 1810 1809 1719
1721 1811 1810 1720
1722 1812 1811 1721
1723 1813 1812 1722
1724 1814 1813 1723
1725 1815 1814 1724
1726 1816 1815 1725
1727 1817 1816 1726
1728 1818 1817 1727
1729 1819 1818 1728
1730 1820 1819 1729
1731 1821 1820 1730
1732 1822 1821 1731
1733 1823 1822 1732
1734 1824 1823 1733
1735 1825 1824 1734
1736 1826 1825 1735
1737 1827 1826 1736
1738 1828 1827 1737
1739 1829 1828 1738
1740 1830 1829 1739
1741 1831 1830 1740
1742 1832 1831 1741
1743 1833 1832 1742
1744 1834 1833 1743
1745 1835 1834 1744
1746 1836 1835 1745
1747 1837 1836 1746
1748 1838 1837 1747
1749 1839 1838 1748
1750 1840 1839 1749
1751 1841 1840 1750
1752 1842 1841 1751
1753 1843 1842 1752
1754 1844 1843 1753
1755 1845 1844 1754
1756 1846 1845 1755
1757 1847 1846 1756
1758 1848 1847 1757
1759 1849 1848 1758
1760 1850 1849 1759
1761 1851 1850 1760
1762 1852 1851 1761
1763 1853 1852 1762
1764 1854 1853 1763
1765 1855 1854 1764
1766 1856 1855 1765
1767 1857 1856 1766
1768 1858 1857 1767
1769 1859 1858 1768
1770 1860 1859 1769
1771 1861 1860 1770
1772 1862 1861 1771
1773 1863 1862 1772
1774 1864 1863 1773
1775 1865 1864 1774
1776 1866 1865 1775
1777 1867 1866 1776
1778 1868 1867 1777
1779 1869 1868 1778
1780 1870 1869 1779
1781 1871 1870 1780
1782 1872 1871 1781
1783 1873 1872 1782
1784 1874 1873 1783
1785 1875 1874 1784
1786 1876 1875 1785
1787 1877 1876 1786
1788 1878 1877 1787
1789 1879 1878 1788
1790 1880 1879 1789
1791 1881 1880 1790
1792 1882 1881 1791
1793 1883 1882 1792
1794 1884 1883 1793
1795 1885 1884 1794
1796 1886 1885 1795
1797 1887 1886 1796
1798 1888 1887 1797
1799 1889 1888 1798
1800 1890 1889 1799
1801 1891 1890 1800
1712 1802 1891 1801
1803 1893 1892 1802
1804 1894 1893 1803
1805 1895 1894 1804
1806 1896 1895 1805
1807 1897 1896 1806
1808 1898 1897 1807
1809 1899 1898 1808
1810 1900 1899 1809
1811 1901 1900 1810
1812 1902 1901 1811
1813 1903 1902 1812
1814 1904 1903 1813
1815 1905 1904 1814
1816 1906 1905 1815
1817 1907 1906 1816
1818 1908 1907 1817
1819 1909 1908 1818
1820 1910 1909 1819
1821 1911 1910 1820
1822 1912 1911 1821
1823 1913 1912 1822
1824 1914 1913 1823
1825 1915 1914 1824
1826 1916 1915 1825
1827 1917 1916 1826
1828 1918 1917 1827
1829 1919 1918 1828
1830 1920 1919 1829
1831 1921 1920 1830
1832 1922 1921 1831
1833 1923 1922 1832
1834 1924 1923 1833
1835 1925 1924 1834
1836 1926 1925 1835
1837 1927 1926 1836
1838 1928 1927 1837
1839 1929 1928 1838
1840 1930 1929 1839
1841 1931 1930 1840
1842 1932 1931 1841
1843 1933 1932 1842
1844 1934 1933 1843
1845 1935 1934 1844
1846 1936 1935 1845
1847 1937 1936 1846
1848 1938 1937 1847
1849 1939 1938 1848
1850 1940 1939 1849
1851 1941 1940 1850
1852 1942 1941 1851
1853 1943 1942 1852
1854 1944 1943 1853
1855 1945 1944 1854
1856 1946 1945 1855
1857 1947 1946 1856
1858 1948 1947 1857
1859 1949 1948 1858
1860 1950 1949 1859
1861 1951 1950 1860
1862 1952 1951 1861
1863 1953 1952 1862
1864 1954 1953 1863
1865 1955 1954 1864
1866 1956 1955 1865
1867 1957 1956 1866
1868 1958 1957 1867
1869 1959 1958 1868
1870 1960 1959 1869
1871 1961 1960 1870
1872 1962 1961 1871
1873 1963 1962 1872
1874 1964 1963 1873
1875 1965 1964 1874
1876 1966 1965 1875
1877 1967 1966 1876
1878 1968 1967 1877
1879 1969 1968 1878
1880 1970 1969 1879
1881 1971 1970 1880
1882 1972 1971 1881
1883 1973 1972 1882
1884 1974 1973 1883
1885 1975 1974 1884
1886 1976 1975 1885
1887 1977 1976 1886
1888 1978 1977 1887
1889 1979 1978 1888
1890 1980 1979 1889
1891 1981 1980 1890
1802 1892 1981 1891
1893 1983 1982 1892
1894 1984 1983 1893
1895 1985 1984 1894
1896 1986 1985 1895
1897 1987 1986 1896
1898 1988 1987 1897
1899 1989 1988 1898
1900 1990 1989 1899
1901 1991 1990 1900
1902 1992 1991 1901
1903 1993 1992 1902
1904 1994 1993 1903
1905 1995 1994 1904
1906 1996 1995 1905
1907 1997 1996 1906
1908 1998 1997 1907
1909 1999 1998 1908
1910 2000 1999 1909
1911 2001 2000 1910
1912 2002 2001 1911
1913 2003 2002 1912
1914 2004 2003 1913
1915 2005 2004 1914
1916 2006 2005 1915
1917 2007 2006 1916
1918 2008 2007 1917
1919 2009 2008 1918
1920 2010 2009 1919
1921 2011 2010 1920
1922 2012 2011 1921
1923 2013 2012 1922
1924 2014 2013 1923
1925 2015 2014 1924
1926 2016 2015 1925
1927 2017 2016 1926
1928 2018 2017 1927
1929 2019 2018 1928
1930 2020 2019 1929
1931 2021 2020 1930
1932 2022 2021 1931
1933 2023 2022 1932
1934 2024 2023 1933
1935 2025 2024 1934
1936 2026 2025 1935
1937 2027 2026 1936
1938 2028 2027 1937
1939 2029 2028 1938
1940 2030 2029 1939
1941 2031 2030 1940
1942 2032 2031 1941
1943 2033 2032 1942
1944 2034 2033 1943
1945 2035 2034 1944
1946 2036 2035 1945
1947 2037 2036 1946
1948 2038 2037 1947
1949 2039 2038 1948
1950 2040 2039 1949
1951 2041 2040 1950
1952 2042 2041 1951
1953 2043 2042 1952
1954 2044 2043 1953
1955 2045 2044 1954
1956 2046 2045 1955
1957 2047 2046 1956
1958 2048 2047 1957
1959 2049 2048 1958
1960 2050 2049 1959
1961 2051 2050 1960
1962 2052 2051 1961
1963 2053 2052 1962
1964 2054 2053 1963
1965 2055 2054 1964
1966 2056 2055 1965
1967 2057 2056 1966
1968 2058 2057 1967
1969 2059 2058 1968
1970 2060 2059 1969
1971 2061 2060 1970
1972 2062 2061 1971
1973 2063 2062 1972
1974 2064 2063 1973
1975 2065 2064 1974
1976 2066 2065 1975
1977 2067 2066 1976
1978 2068 2067 1977
1979 2069 2068 1978
1980 2070 2069 1979
1981 2071 2070 1980
1892 1982 2071 1981
1983 2073 2072 1982
1984 2074 2073 1983
1985 2075 2074 1984
1986 2076 2075 1985
1987 2077 2076 1986
1988 2078 2077 1987
1989 2079 2078 1988
1990 2080 2079 1989
1991 2081 2080 1990
1992 2082 2081 1991
1993 2083 2082 1992
1994 2084 2083 1993
1995 2085 2084 1994
1996 2086 2085 1995
1997 2087 2086 1996
1998 2088 2087 1997
1999 2089 2088 1998
2000 2090 2089 1999
2001 2091 2090 2000
2002 2092 2091 2001
2003 2093 2092 2002
2004 2094 2093 2003
2005 2095 2094 2004
2006 2096 2095 2005
2007 2097 2096 2006
2008 2098 2097 2007
2009 2099 2098 2008
2010 2100 2099 2009
2011 2101 2100 2010
2012 2102 2101 2011
2013 2103 2102 2012
2014 2104 2103 2013
2015 2105 2104 2014
2016 2106 2105 2015
2017 2107 2106 2016
2018 2108 2107 2017
2019 2109 2108 2018
2020 2110 2109 2019
2021 2111 2110 2020
2022 2112 2111 2021
2023 2113 2112 2022
2024 2114 2113 2023
2025 2115 2114 2024
2026 2116 2115 2025
2027 2117 2116 2026
2028 2118 2117 2027
2029 2119 2118 2028
2030 2120 2119 2029
2031 2121 2120 2030
2032 2122 2121 2031
2033 2123 2122 2032
2034 2124 2123 2033
2035 2125 2124 2034
2036 2126 2125 2035
2037 2127 2126 2036
2038 2128 2127 2037
2039 2129 2128 2038
2040 2130 2129 2039
2041 2131 2130 2040
2042 2132 2131 2041
2043 2133 2132 2042
2044 2134 2133 2043
2045 2135 2134 2044
2046 2136 2135 2045
2047 2137 2136 2046
2048 2138 2137 2047
2049 2139 2138 2048
2050 2140 2139 2049
2051 2141 2140 2050
2052 2142 2141 2051
2053 2143 2142 2052
2054 2144 2143 2053
2055 2145 2144 2054
2056 2146 2145 2055
2057 2147 2146 2056
2058 2148 2147 2057
2059 2149 2148 2058
2060 2150 2149 2059
2061 2151 2150 2060
2062 2152 2151 2061
2063 2153 2152 2062
2064 2154 2153 2063
2065 2155 2154 2064
2066 2156 2155 2065
2067 2157 2156 2066
2068 2158 2157 2067
2069 2159 2158 2068
2070 2160 2159 2069
2071 2161 2160 2070
1982 2072 2161 2071
2073 2163 2162 2072
2074 2164 2163 2073
2075 2165 2164 2074
2076 2166 2165 2075
2077 2167 2166 2076
2078 2168 2167 2077
2079 2169 2168 2078
2080 2170 2169 2079
2081 2171 2170 2080
2082 2172 2171 2081
2083 2173 2172 2082
2084 2174 2173 2083
2085 2175 2174 2084
2086 2176 2175 2085
2087 2177 2176 2086
2088 2178 2177 2087
2089 2179 2178 2088
2090 2180 2179 2089
2091 2181 2180 2090
2092 2182 2181 2091
2093 2183 2182 2092
2094 2184 2183 2093
2095 2185 2184 2094
2096 2186 2185 2095
2097 2187 2186 2096
2098 2188 2187 2097
2099 2189 2188 2098
2100 2190 2189 2099
2101 2191 2190 2100
2102 2192 2191 2101
2103 2193 2192 2102
2104 2194 2193 2103
2105 2195 2194 2104
2106 2196 2195 2105
2107 2197 2196 2106
2108 2198 2197 2107
2109 2199 2198 2108
2110 2200 2199 2109
2111 2201 2200 2110
2112 2202 2201 2111
2113 2203 2202 2112
2114 2204 2203 2113
2115 2205 2204 2114
2116 2206 2205 2115
2117 2207 2206 2116
2118 2208 2207 2117
2119 2209 2208 2118
2120 2210 2209 2119
2121 2211 2210 2120
2122 2212 2211 2121
2123 2213 2212 2122
2124 2214 2213 2123
2125 2215 2214 2124
2126 2216 2215 2125
2127 2217 2216 2126
2128 2218 2217 2127
2129 2219 2218 2128
2130 2220 2219 2129
2131 2221 2220 2130
2132 2222 2221 2131
2133 2223 2222 2132
2134 2224 2223 2133
2135 2225 2224 2134
2136 2226 2225 2135
2137 2227 2226 2136
2138 2228 2227 2137
2139 2229 2228 2138
2140 2230 2229 2139
2141 2231 2230 2140
2142 2232 2231 2141
2143 2233 2232 2142
2144 2234 2233 2143
2145 2235 2234 2144
2146 2236 2235 2145
2147 2237 2236 2146
2148 2238 2237 2147
2149 2239 2238 2148
2150 2240 2239 2149
2151 2241 2240 2150
2152 2242 2241 2151
2153 2243 2242 2152
2154 2244 2243 2153
2155 2245 2244 2154
2156 2246 2245 2155
2157 2247 2246 2156
2158 2248 2247 2157
2159 2249 2248 2158
2160 2250 2249 2159
2161 2251 2250 2160
2072 2162 2251 2161
2163 2253 2252 2162
2164 2254 2253 2163
2165 2255 2254 2164
2166 2256 2255 2165
2167 2257 2256 2166
2168 2258 2257 2167
2169 2259 2258 2168
2170 2260 2259 2169
2171 2261 2260 2170
2172 2262 2261 2171
2173 2263 2262 2172
2174 2264 2263 2173
2175 2265 2264 2174
2176 2266 2265 2175
2177 2267 2266 2176
2178 2268 2267 2177
2179 2269 2268 2178
2180 2270 2269 2179
2181 2271 2270 2180
2182 2272 2271 2181
2183 2273 2272 2182
2184 2274 2273 2183
2185 2275 2274 2184
2186 2276 2275 2185
2187 2277 2276 2186
2188 2278 2277 2187
2189 2279 2278 2188
2190 2280 2279 2189
2191 2281 2280 2190
2192 2282 2281 2191
2193 2283 2282 2192
2194 2284 2283 2193
2195 2285 2284 2194
2196 2286 2285 2195
2197 2287 2286 2196
2198 2288 2287 2197
2199 2289 2288 2198
2200 2290 2289 2199
2201 2291 2290 2200
2202 2292 2291 2201
2203 2293 2292 2202
2204 2294 2293 2203
2205 2295 2294 2204
2206 2296 2295 2205
2207 2297 2296 2206
2208 2298 2297 2207
2209 2299 2298 2208
2210 2300 2299 2209
2211 2301 2300 2210
2212 2302 2301 2211
2213 2303 2302 2212
2214 2304 2303 2213
2215 2305 2304 2214
2216 2306 2305 2215
2217 2307 2306 2216
2218 2308 2307 2217
2219 2309 2308 2218
2220 2310 2309 2219
2221 2311 2310 2220
2222 2312 2311 2221
2223 2313 2312 2222
2224 2314 2313 2223
2225 2315 2314 2224
2226 2316 2315 2225
2227 2317 2316 2226
2228 2318 2317 2227
2229 2319 2318 2228
2230 2320 2319 2229
2231 2321 2320 2230
2232 2322 2321 2231
2233 2323 2322 2232
2234 2324 2323 2233
2235 2325 2324 2234
2236 2326 2325 2235
2237 2327 2326 2236
2238 2328 2327 2237
2239 2329 2328 2238
2240 2330 2329 2239
2241 2331 2330 2240
2242 2332 2331 2241
2243 2333 2332 2242
2244 2334 2333 2243
2245 2335 2334 2244
2246 2336 2335 2245
2247 2337 2336 2246
2248 2338 2337 2247
2249 2339 2338 2248
2250 2340 2339 2249
2251 2341 2340 2250
2162 2252 2341 2251
2253 2343 2342 2252
2254 2344 2343 2253
2255 2345 2344 2254
2256 2346 2345 2255
2257 2347 2346 2256
2258 2348 2347 2257
2259 2349 2348 2258
2260 2350 2349 2259
2261 2351 2350 2260
2262 2352 2351 2261
2263 2353 2352 2262
2264 2354 2353 2263
2265 2355 2354 2264
2266 2356 2355 2265
2267 2357 2356 2266
2268 2358 2357 2267
2269 2359 2358 2268
2270 2360 2359 2269
2271 2361 2360 2270
2272 2362 2361 2271
2273 2363 2362 2272
2274 2364 2363 2273
2275 2365 2364 2274
2276 2366 2365 2275
2277 2367 2366 2276
2278 2368 2367 2277
2279 2369 2368 2278
2280 2370 2369 2279
2281 2371 2370 2280
2282 2372 2371 2281
2283 2373 2372 2282
2284 2374 2373 2283
2285 2375 2374 2284
2286 2376 2375 2285
2287 2377 2376 2286
2288 2378 2377 2287
2289 2379 2378 2288
2290 2380 2379 2289
2291 2381 2380 2290
2292 2382 2381 2291
2293 2383 2382 2292
2294 2384 2383 2293
2295 2385 2384 2294
2296 2386 2385 2295
2297 2387 2386 2296
2298 2388 2387 2297
2299 2389 2388 2298
2300 2390 2389 2299
2301 2391 2390 2300
2302 2392 2391 2301
2303 2393 2392 2302
2304 2394 2393 2303
2305 2395 2394 2304
2306 2396 2395 2305
2307 2397 2396 2306
2308 2398 2397 2307
2309 2399 2398 2308
2310 2400 2399 2309
2311 2401 2400 2310
2312 2402 2401 2311
2313 2403 2402 2312
2314 2404 2403 2313
2315 2405 2404 2314
2316 2406 2405 2315
2317 2407 2406 2316
2318 2408 2407 2317
2319 2409 2408 2318
2320 2410 2409 2319
2321 2411 2410 2320
2322 2412 2411 2321
2323 2413 2412 2322
2324 2414 2413 2323
2325 2415 2414 2324
2326 2416 2415 2325
2327 2417 2416 2326
2328 2418 2417 2327
2329 2419 2418 2328
2330 2420 2419 2329
2331 2421 2420 2330
2332 2422 2421 2331
2333 2423 2422 2332
2334 2424 2423 2333
2335 2425 2424 2334
2336 2426 2425 2335
2337 2427 2426 2336
2338 2428 2427 2337
2339 2429 2428 2338
2340 2430 2429 2339
2341 2431 2430 2340
2252 2342 2431 2341
2343 2433 2432 2342
2344 2434 2433 2343
2345 2435 2434 2344
2346 2436 2435 2345
2347 2437 2436 2346
2348 2438 2437 2347
2349 2439 2438 2348
2350 2440 2439 2349
2351 2441 2440 2350
2352 2442 2441 2351
2353 2443 2442 2352
2354 2444 2443 2353
2355 2445 2444 2354
2356 2446 2445 2355
2357 2447 2446 2356
2358 2448 2447 2357
2359 2449 2448 2358
2360 2450 2449 2359
2361 2451 2450 2360
2362 2452 2451 2361
2363 2453 2452 2362
2364 2454 2453 2363
2365 2455 2454 2364
2366 2456 2455 2365
2367 2457 2456 2366
2368 2458 2457 2367
2369 2459 2458 2368
2370 2460 2459 2369
2371 2461 2460 2370
2372 2462 2461 2371
2373 2463 2462 2372
2374 2464 2463 2373
2375 2465 2464 2374
2376 2466 2465 2375
2377 2467 2466 2376
2378 2468 2467 2377
2379 2469 2468 2378
2380 2470 2469 2379
2381 2471 2470 2380
2382 2472 2471 2381
2383 2473 2472 2382
2384 2474 2473 2383
2385 2475 2474 2384
2386 2476 2475 2385
2387 2477 2476 2386
2388 2478 2477 2387
2389 2479 2478 2388
2390 2480 2479 2389
2391 2481 2480 2390
2392 2482 2481 2391
2393 2483 2482 2392
2394 2484 2483 2393
2395 2485 2484 2394
2396 2486 2485 2395
2397 2487 2486 2396
2398 2488 2487 2397
2399 2489 2488 2398
2400 2490 2489 2399
2401 2491 2490 2400
2402 2492 2491 2401
2403 2493 2492 2402
2404 2494 2493 2403
2405 2495 2494 2404
2406 2496 2495 2405
2407 2497 2496 2406
2408 2498 2497 2407
2409 2499 2498 2408
2410 2500 2499 2409
2411 2501 2500 2410
2412 2502 2501 2411
2413 2503 2502 2412
2414 2504 2503 2413
2415 2505 2504 2414
2416 2506 2505 2415
2417 2507 2506 2416
2418 2508 2507 2417
2419 2509 2508 2418
2420 2510 2509 2419
2421 2511 2510 2420
2422 2512 2511 2421
2423 2513 2512 2422
2424 2514 2513 2423
2425 2515 2514 2424
2426 2516 2515 2425
2427 2517 2516 2426
2428 2518 2517 2427
2429 2519 2518 2428
2430 2520 2519 2429
2431 2521 2520 2430
2342 2432 2521 2431
2433 2523 2522 2432
2434 2524 2523 2433
2435 2525 2524 2434
2436 2526 2525 2435
2437 2527 2526 2436
2438 2528 2527 2437
2439 2529 2528 2438
2440 2530 2529 2439
2441 2531 2530 2440
2442 2532 2531 2441
2443 2533 2532 2442
2444 2534 2533 2443
2445 2535 2534 2444
2446 2536 2535 2445
2447 2537 2536 2446
2448 2538 2537 2447
2449 2539 2538 2448
2450 2540 2539 2449
2451 2541 2540 2450
2452 2542 2541 2451
2453 2543 2542 2452
2454 2544 2543 2453
2455 2545 2544 2454
2456 2546 2545 2455
2457 2547 2546 2456
2458 2548 2547 2457
2459 2549 2548 2458
2460 2550 2549 2459
2461 2551 2550 2460
2462 2552 2551 2461
2463 2553 2552 2462
2464 2554 2553 2463
2465 2555 2554 2464
2466 2556 2555 2465
2467 2557 2556 2466
2468 2558 2557 2467
2469 2559 2558 2468
2470 2560 2559 2469
2471 2561 2560 2470
2472 2562 2561 2471
2473 2563 2562 2472
2474 2564 2563 2473
2475 2565 2564 2474
2476 2566 2565 2475
2477 2567 2566 2476
2478 2568 2567 2477
2479 2569 2568 2478
2480 2570 2569 2479
2481 2571 2570 2480
2482 2572 2571 2481
2483 2573 2572 2482
2484 2574 2573 2483
2485 2575 2574 2484
2486 2576 2575 2485
2487 2577 2576 2486
2488 2578 2577 2487
2489 2579 2578 2488
2490 2580 2579 2489
2491 2581 2580 2490
2492 2582 2581 2491
2493 2583 2582 2492
2494 2584 2583 2493
2495 2585 2584 2494
2496 2586 2585 2495
2497 2587 2586 2496
2498 2588 2587 2497
2499 2589 2588 2498
2500 2590 2589 2499
2501 2591 2590 2500
2502 2592 2591 2501
2503 2593 2592 2502
2504 2594 2593 2503
2505 2595 2594 2504
2506 2596 2595 2505
2507 2597 2596 2506
2508 2598 2597 2507
2509 2599 2598 2508
2510 2600 2599 2509
2511 2601 2600 2510
2512 2602 2601 2511
2513 2603 2602 2512
2514 2604 2603 2513
2515 2605 2604 2514
2516 2606 2605 2515
2517 2607 2606 2516
2518 2608 2607 2517
2519 2609 2608 2518
2520 2610 2609 2519
2521 2611 2610 2520
2432 2522 2611 2521
2523 2613 2612 2522
2524 2614 2613 2523
2525 2615 2614 2524
2526 2616 2615 2525
2527 2617 2616 2526
2528 2618 2617 2527
2529 2619 2618 2528
2530 2620 2619 2529
2531 2621 2620 2530
2532 2622 2621 2531
2533 2623 2622 2532
2534 2624 2623 2533
2535 2625 2624 2534
2536 2626 2625 2535
2537 2627 2626 2536
2538 2628 2627 2537
2539 2629 2628 2538
2540 2630 2629 2539
2541 2631 2630 2540
2542 2632 2631 2541
2543 2633 2632 2542
2544 2634 2633 2543
2545 2635 2634 2544
2546 2636 2635 2545
2547 2637 2636 2546
2548 2638 2637 2547
2549 2639 2638 2548
2550 2640 2639 2549
2551 2641 2640 2550
2552 2642 2641 2551
2553 2643 2642 2552
2554 2644 2643 2553
2555 2645 2644 2554
2556 2646 2645 2555
2557 2647 2646 2556
2558 2648 2647 2557
2559 2649 2648 2558
2560 2650 2649 2559
2561 2651 2650 2560
2562 2652 2651 2561
2563 2653 2652 2562
2564 2654 2653 2563
2565 2655 2654 2564
2566 2656 2655 2565
2567 2657 2656 2566
2568 2658 2657 2567
2569 2659 2658 2568
2570 2660 2659 2569
2571 2661 2660 2570
2572 2662 2661 2571
2573 2663 2662 2572
2574 2664 2663 2573
2575 2665 2664 2574
2576 2666 2665 2575
2577 2667 2666 2576
2578 2668 2667 2577
2579 2669 2668 2578
2580 2670 2669 2579
2581 2671 2670 2580
2582 2672 2671 2581
2583 2673 2672 2582
2584 2674 2673 2583
2585 2675 2674 2584
2586 2676 2675 2585
2587 2677 2676 2586
2588 2678 2677 2587
2589 2679 2678 2588
2590 2680 2679 2589
2591 2681 2680 2590
2592 2682 2681 2591
2593 2683 2682 2592
2594 2684 2683 2593
2595 2685 2684 2594
2596 2686 2685 2595
2597 2687 2686 2596
2598 2688 2687 2597
2599 2689 2688 2598
2600 2690 2689 2599
2601 2691 2690 2600
2602 2692 2691 2601
2603 2693 2692 2602
2604 2694 2693 2603
2605 2695 2694 2604
2606 2696 2695 2605
2607 2697 2696 2606
2608 2698 2697 2607
2609 2699 2698 2608
2610 2700 2699 2609
2611 2701 2700 2610
2522 2612 2701 2611
2613 2703 2702 2612
2614 2704 2703 2613
2615 2705 2704 2614
2616 2706 2705 2615
2617 2707 2706 2616
2618 2708 2707 2617
2619 2709 2708 2618
2620 2710 2709 2619
2621 2711 2710 2620
2622 2712 2711 2621
2623 2713 2712 2622
2624 2714 2713 2623
2625 2715 2714 2624
2626 2716 2715 2625
2627 2717 2716 2626
2628 2718 2717 2627
2629 2719 2718 2628
2630 2720 2719 2629
2631 2721 2720 2630
2632 2722 2721 2631
2633 2723 2722 2632
2634 2724 2723 2633
2635 2725 2724 2634
2636 2726 2725 2635
2637 2727 2726 2636
2638 2728 2727 2637
2639 2729 2728 2638
2640 2730 2729 2639
2641 2731 2730 2640
2642 2732 2731 2641
2643 2733 2732 2642
2644 2734 2733 2643
2645 2735 2734 2644
2646 2736 2735 2645
2647 2737 2736 2646
2648 2738 2737 2647
2649 2739 2738 2648
2650 2740 2739 2649
2651 2741 2740 2650
2652 2742 2741 2651
2653 2743 2742 2652
2654 2744 2743 2653
2655 2745 2744 2654
2656 2746 2745 2655
2657 2747 2746 2656
2658 2748 2747 2657
2659 2749 2748 2658
2660 2750 2749 2659
2661 2751 2750 2660
2662 2752 2751 2661
2663 2753 2752 2662
2664 2754 2753 2663
2665 2755 2754 2664
2666 2756 2755 2665
2667 2757 2756 2666
2668 2758 2757 2667
2669 2759 2758 2668
2670 2760 2759 2669
2671 2761 2760 2670
2672 2762 2761 2671
2673 2763 2762 2672
2674 2764 2763 2673
2675 2765 2764 2674
2676 2766 2765 2675
2677 2767 2766 2676
2678 2768 2767 2677
2679 2769 2768 2678
2680 2770 2769 2679
2681 2771 2770 2680
2682 2772 2771 2681
2683 2773 2772 2682
2684 2774 2773 2683
2685 2775 2774 2684
2686 2776 2775 2685
2687 2777 2776 2686
2688 2778 2777 2687
2689 2779 2778 2688
2690 2780 2779 2689
2691 2781 2780 2690
2692 2782 2781 2691
2693 2783 2782 2692
2694 2784 2783 2693
2695 2785 2784 2694
2696 2786 2785 2695
2697 2787 2786 2696
2698 2788 2787 2697
2699 2789 2788 2698
2700 2790 2789 2699
2701 2791 2790 2700
2612 2702 2791 2701
2703 2793 2792 2702
2704 2794 2793 2703
2705 2795 2794 2704
2706 2796 2795 2705
2707 2797 2796 2706
2708 2798 2797 2707
2709 2799 2798 2708
2710 2800 2799 2709
2711 2801 2800 2710
2712 2802 2801 2711
2713 2803 2802 2712
2714 2804 2803 2713
2715 2805 2804 2714
2716 2806 2805 2715
2717 2807 2806 2716
2718 2808 2807 2717
2719 2809 2808 2718
2720 2810 2809 2719
2721 2811 2810 2720
2722 2812 2811 2721
2723 2813 2812 2722
2724 2814 2813 2723
2725 2815 2814 2724
2726 2816 2815 2725
2727 2817 2816 2726
2728 2818 2817 2727
2729 2819 2818 2728
2730 2820 2819 2729
2731 2821 2820 2730
2732 2822 2821 2731
2733 2823 2822 2732
2734 2824 2823 2733
2735 2825 2824 2734
2736 2826 2825 2735
2737 2827 2826 2736
2738 2828 2827 2737
2739 2829 2828 2738
2740 2830 2829 2739
2741 2831 2830 2740
2742 2832 2831 2741
2743 2833 2832 2742
2744 2834 2833 2743
2745 2835 2834 2744
2746 2836 2835 2745
2747 2837 2836 2746
2748 2838 2837 2747
2749 2839 2838 2748
2750 2840 2839 2749
2751 2841 2840 2750
2752 2842 2841 2751
2753 2843 2842 2752
2754 2844 2843 2753
2755 2845 2844 2754
2756 2846 2845 2755
2757 2847 2846 2756
2758 2848 2847 2757
2759 2849 2848 2758
2760 2850 2849 2759
2761 2851 2850 2760
2762 2852 2851 2761
2763 2853 2852 2762
2764 2854 2853 2763
2765 2855 2854 2764
2766 2856 2855 2765
2767 2857 2856 2766
2768 2858 2857 2767
2769 2859 2858 2768
2770 2860 2859 2769
2771 2861 2860 2770
2772 2862 2861 2771
2773 2863 2862 2772
2774 2864 2863 2773
2775 2865 2864 2774
2776 2866 2865 2775
2777 2867 2866 2776
2778 2868 2867 2777
2779 2869 2868 2778
2780 2870 2869 2779
2781 2871 2870 2780
2782 2872 2871 2781
2783 2873 2872 2782
2784 2874 2873 2783
2785 2875 2874 2784
2786 2876 2875 2785
2787 2877 2876 2786
2788 2878 2877 2787
2789 2879 2878 2788
2790 2880 2879 2789
2791 2881 2880 2790
2702 2792 2881 2791
2793 2883 2882 2792
2794 2884 2883 2793
2795 2885 2884 2794
2796 2886 2885 2795
2797 2887 2886 2796
2798 2888 2887 2797
2799 2889 2888 2798
2800 2890 2889 2799
2801 2891 2890 2800
2802 2892 2891 2801
2803 2893 2892 2802
2804 2894 2893 2803
2805 2895 2894 2804
2806 2896 2895 2805
2807 2897 2896 2806
2808 2898 2897 2807
2809 2899 2898 2808
2810 2900 2899 2809
2811 2901 2900 2810
2812 2902 2901 2811
2813 2903 2902 2812
2814 2904 2903 2813
2815 2905 2904 2814
2816 2906 2905 2815
2817 2907 2906 2816
2818 2908 2907 2817
2819 2909 2908 2818
2820 2910 2909 2819
2821 2911 2910 2820
2822 2912 2911 2821
2823 2913 2912 2822
2824 2914 2913 2823
2825 2915 2914 2824
2826 2916 2915 2825
2827 2917 2916 2826
2828 2918 2917 2827
2829 2919 2918 2828
2830 2920 2919 2829
2831 2921 2920 2830
2832 2922 2921 2831
2833 2923 2922 2832
2834 2924 2923 2833
2835 2925 2924 2834
2836 2926 2925 2835
2837 2927 2926 2836
2838 2928 2927 2837
2839 2929 2928 2838
2840 2930 2929 2839
2841 2931 2930 2840
2842 2932 2931 2841
2843 2933 2932 2842
2844 2934 2933 2843
2845 2935 2934 2844
2846 2936 2935 2845
2847 2937 2936 2846
2848 2938 2937 2847
2849 2939 2938 2848
2850 2940 2939 2849
2851 2941 2940 2850
2852 2942 2941 2851
2853 2943 2942 2852
2854 2944 2943 2853
2855 2945 2944 2854
2856 2946 2945 2855
2857 2947 2946 2856
2858 2948 2947 2857
2859 2949 2948 2858
2860 2950 2949 2859
2861 2951 2950 2860
2862 2952 2951 2861
2863 2953 2952 2862
2864 2954 2953 2863
2865 2955 2954 2864
2866 2956 2955 2865
2867 2957 2956 2866
2868 2958 2957 2867
2869 2959 2958 2868
2870 2960 2959 2869
2871 2961 2960 2870
2872 2962 2961 2871
2873 2963 2962 2872
2874 2964 2963 2873
2875 2965 2964 2874
2876 2966 2965 2875
2877 2967 2966 2876
2878 2968 2967 2877
2879 2969 2968 2878
2880 2970 2969 2879
2881 2971 2970 2880
2792 2882 2971 2881
2883 2973 2972 2882
2884 2974 2973 2883
2885 2975 2974 2884
2886 2976 2975 2885
2887 2977 2976 2886
2888 2978 2977 2887
2889 2979 2978 2888
2890 2980 2979 2889
2891 2981 2980 2890
2892 2982 2981 2891
2893 2983 2982 2892
2894 2984 2983 2893
2895 2985 2984 2894
2896 2986 2985 2895
2897 2987 2986 2896
2898 2988 2987 2897
2899 2989 2988 2898
2900 2990 2989 2899
2901 2991 2990 2900
2902 2992 2991 2901
2903 2993 2992 2902
2904 2994 2993 2903
2905 2995 2994 2904
2906 2996 2995 2905
2907 2997 2996 2906
2908 2998 2997 2907
2909 2999 2998 2908
2910 3000 2999 2909
2911 3001 3000 2910
2912 3002 3001 2911
2913 3003 3002 2912
2914 3004 3003 2913
2915 3005 3004 2914
2916 3006 3005 2915
2917 3007 3006 2916
2918 3008 3007 2917
2919 3009 3008 2918
2920 3010 3009 2919
2921 3011 3010 2920
2922 3012 3011 2921
2923 3013 3012 2922
2924 3014 3013 2923
2925 3015 3014 2924
2926 3016 3015 2925
2927 3017 3016 2926
2928 3018 3017 2927
2929 3019 3018 2928
2930 3020 3019 2929
2931 3021 3020 2930
2932 3022 3021 2931
2933 3023 3022 2932
2934 3024 3023 2933
2935 3025 3024 2934
2936 3026 3025 2935
2937 3027 3026 2936
2938 3028 3027 2937
2939 3029 3028 2938
2940 3030 3029 2939
2941 3031 3030 2940
2942 3032 3031 2941
2943 3033 3032 2942
2944 3034 3033 2943
2945 3035 3034 2944
2946 3036 3035 2945
2947 3037 3036 2946
2948 3038 3037 2947
2949 3039 3038 2948
2950 3040 3039 2949
2951 3041 3040 2950
2952 3042 3041 2951
2953 3043 3042 2952
2954 3044 3043 2953
2955 3045 3044 2954
2956 3046 3045 2955
2957 3047 3046 2956
2958 3048 3047 2957
2959 3049 3048 2958
2960 3050 3049 2959
2961 3051 3050 2960
2962 3052 3051 2961
2963 3053 3052 2962
2964 3054 3053 2963
2965 3055 3054 2964
2966 3056 3055 2965
2967 3057 3056 2966
2968 3058 3057 2967
2969 3059 3058 2968
2970 3060 3059 2969
2971 3061 3060 2970
2882 2972 3061 2971
2973 3063 3062 2972
2974 3064 3063 2973
2975 3065 3064 2974
2976 3066 3065 2975
2977 3067 3066 2976
2978 3068 3067 2977
2979 3069 3068 2978
2980 3070 3069 2979
2981 3071 3070 2980
2982 3072 3071 2981
2983 3073 3072 2982
2984 3074 3073 2983
2985 3075 3074 2984
2986 3076 3075 2985
2987 3077 3076 2986
2988 3078 3077 2987
2989 3079 3078 2988
2990 3080 3079 2989
2991 3081 3080 2990
2992 3082 3081 2991
2993 3083 3082 2992
2994 3084 3083 2993
2995 3085 3084 2994
2996 3086 3085 2995
2997 3087 3086 2996
2998 3088 3087 2997
2999 3089 3088 2998
3000 3090 3089 2999
3001 3091 3090 3000
3002 3092 3091 3001
3003 3093 3092 3002
3004 3094 3093 3003
3005 3095 3094 3004
3006 3096 3095 3005
3007 3097 3096 3006
3008 3098 3097 3007
3009 3099 3098 3008
3010 3100 3099 3009
3011 3101 3100 3010
3012 3102 3101 3011
3013 3103 3102 3012
3014 3104 3103 3013
3015 3105 3104 3014
3016 3106 3105 3015
3017 3107 3106 3016
3018 3108 3107 3017
3019 3109 3108 3018
3020 3110 3109 3019
3021 3111 3110 3020
3022 3112 3111 3021
3023 3113 3112 3022
3024 3114 3113 3023
3025 3115 3114 3024
3026 3116 3115 3025
3027 3117 3116 3026
3028 3118 3117 3027
3029 3119 3118 3028
3030 3120 3119 3029
3031 3121 3120 3030
3032 3122 3121 3031
3033 3123 3122 3032
3034 3124 3123 3033
3035 3125 3124 3034
3036 3126 3125 3035
3037 3127 3126 3036
3038 3128 3127 3037
3039 3129 3128 3038
3040 3130 3129 3039
3041 3131 3130 3040
3042 3132 3131 3041
3043 3133 3132 3042
3044 3134 3133 3043
3045 3135 3134 3044
3046 3136 3135 3045
3047 3137 3136 3046
3048 3138 3137 3047
3049 3139 3138 3048
3050 3140 3139 3049
3051 3141 3140 3050
3052 3142 3141 3051
3053 3143 3142 3052
3054 3144 3143 3053
3055 3145 3144 3054
3056 3146 3145 3055
3057 3147 3146 3056
3058 3148 3147 3057
3059 3149 3148 3058
3060 3150 3149 3059
3061 3151 3150 3060
2972 3062 3151 3061
3063 3153 3152 3062
3064 3154 3153 3063
3065 3155 3154 3064
3066 3156 3155 3065
3067 3157 3156 3066
3068 3158 3157 3067
3069 3159 3158 3068
3070 3160 3159 3069
3071 3161 3160 3070
3072 3162 3161 3071
3073 3163 3162 3072
3074 3164 3163 3073
3075 3165 3164 3074
3076 3166 3165 3075
3077 3167 3166 3076
3078 3168 3167 3077
3079 3169 3168 3078
3080 3170 3169 3079
3081 3171 3170 3080
3082 3172 3171 3081
3083 3173 3172 3082
3084 3174 3173 3083
3085 3175 3174 3084
3086 3176 3175 3085
3087 3177 3176 3086
3088 3178 3177 3087
3089 3179 3178 3088
3090 3180 3179 3089
3091 3181 3180 3090
3092 3182 3181 3091
3093 3183 3182 3092
3094 3184 3183 3093
3095 3185 3184 3094
3096 3186 3185 3095
3097 3187 3186 3096
3098 3188 3187 3097
3099 3189 3188 3098
3100 3190 3189 3099
3101 3191 3190 3100
3102 3192 3191 3101
3103 3193 3192 3102
3104 3194 3193 3103
3105 3195 3194 3104
3106 3196 3195 3105
3107 3197 3196 3106
3108 3198 3197 3107
3109 3199 3198 3108
3110 3200 3199 3109
3111 3201 3200 3110
3112 3202 3201 3111
3113 3203 3202 3112
3114 3204 3203 3113
3115 3205 3204 3114
3116 3206 3205 3115
3117 3207 3206 3116
3118 3208 3207 3117
3119 3209 3208 3118
3120 3210 3209 3119
3121 3211 3210 3120
3122 3212 3211 3121
3123 3213 3212 3122
3124 3214 3213 3123
3125 3215 3214 3124
3126 3216 3215 3125
3127 3217 3216 3126
3128 3218 3217 3127
3129 3219 3218 3128
3130 3220 3219 3129
3131 3221 3220 3130
3132 3222 3221 3131
3133 3223 3222 3132
3134 3224 3223 3133
3135 3225 3224 3134
3136 3226 3225 3135
3137 3227 3226 3136
3138 3228 3227 3137
3139 3229 3228 3138
3140 3230 3229 3139
3141 3231 3230 3140
3142 3232 3231 3141
3143 3233 3232 3142
3144 3234 3233 3143
3145 3235 3234 3144
3146 3236 3235 3145
3147 3237 3236 3146
3148 3238 3237 3147
3149 3239 3238 3148
3150 3240 3239 3149
3151 3241 3240 3150
3062 3152 3241 3151
3153 3243 3242 3152
3154 3244 3243 3153
3155 3245 3244 3154
3156 3246 3245 3155
3157 3247 3246 3156
3158 3248 3247 3157
3159 3249 3248 3158
3160 3250 3249 3159
3161 3251 3250 3160
3162 3252 3251 3161
3163 3253 3252 3162
3164 3254 3253 3163
3165 3255 3254 3164
3166 3256 3255 3165
3167 3257 3256 3166
3168 3258 3257 3167
3169 3259 3258 3168
3170 3260 3259 3169
3171 3261 3260 3170
3172 3262 3261 3171
3173 3263 3262 3172
3174 3264 3263 3173
3175 3265 3264 3174
3176 3266 3265 3175
3177 3267 3266 3176
3178 3268 3267 3177
3179 3269 3268 3178
3180 3270 3269 3179
3181 3271 3270 3180
3182 3272 3271 3181
3183 3273 3272 3182
3184 3274 3273 3183
3185 3275 3274 3184
3186 3276 3275 3185
3187 3277 3276 3186
3188 3278 3277 3187
3189 3279 3278 3188
3190 3280 3279 3189
3191 3281 3280 3190
3192 3282 3281 3191
3193 3283 3282 3192
3194 3284 3283 3193
3195 3285 3284 3194
3196 3286 3285 3195
3197 3287 3286 3196
3198 3288 3287 3197
3199 3289 3288 3198
3200 3290 3289 3199
3201 3291 3290 3200
3202 3292 3291 3201
3203 3293 3292 3202
3204 3294 3293 3203
3205 3295 3294 3204
3206 3296 3295 3205
3207 3297 3296 3206
3208 3298 3297 3207
3209 3299 3298 3208
3210 3300 3299 3209
3211 3301 3300 3210
3212 3302 3301 3211
3213 3303 3302 3212
3214 3304 3303 3213
3215 3305 3304 3214
3216 3306 3305 3215
3217 3307 3306 3216
3218 3308 3307 3217
3219 3309 3308 3218
3220 3310 3309 3219
3221 3311 3310 3220
3222 3312 3311 3221
3223 3313 3312 3222
3224 3314 3313 3223
3225 3315 3314 3224
3226 3316 3315 3225
3227 3317 3316 3226
3228 3318 3317 3227
3229 3319 3318 3228
3230 3320 3319 3229
3231 3321 3320 3230
3232 3322 3321 3231
3233 3323 3322 3232
3234 3324 3323 3233
3235 3325 3324 3234
3236 3326 3325 3235
3237 3327 3326 3236
3238 3328 3327 3237
3239 3329 3328 3238
3240 3330 3329 3239
3241 3331 3330 3240
3152 3242 3331 3241
3243 3333 3332 3242
3244 3334 3333 3243
3245 3335 3334 3244
3246 3336 3335 3245
3247 3337 3336 3246
3248 3338 3337 3247
3249 3339 3338 3248
3250 3340 3339 3249
3251 3341 3340 3250
3252 3342 3341 3251
3253 3343 3342 3252
3254 3344 3343 3253
3255 3345 3344 3254
3256 3346 3345 3255
3257 3347 3346 3256
3258 3348 3347 3257
3259 3349 3348 3258
3260 3350 3349 3259
3261 3351 3350 3260
3262 3352 3351 3261
3263 3353 3352 3262
3264 3354 3353 3263
3265 3355 3354 3264
3266 3356 3355 3265
3267 3357 3356 3266
3268 3358 3357 3267
3269 3359 3358 3268
3270 3360 3359 3269
3271 3361 3360 3270
3272 3362 3361 3271
3273 3363 3362 3272
3274 3364 3363 3273
3275 3365 3364 3274
3276 3366 3365 3275
3277 3367 3366 3276
3278 3368 3367 3277
3279 3369 3368 3278
3280 3370 3369 3279
3281 3371 3370 3280
3282 3372 3371 3281
3283 3373 3372 3282
3284 3374 3373 3283
3285 3375 3374 3284
3286 3376 3375 3285
3287 3377 3376 3286
3288 3378 3377 3287
3289 3379 3378 3288
3290 3380 3379 3289
3291 3381 3380 3290
3292 3382 3381 3291
3293 3383 3382 3292
3294 3384 3383 3293
3295 3385 3384 3294
3296 3386 3385 3295
3297 3387 3386 3296
3298 3388 3387 3297
3299 3389 3388 3298
3300 3390 3389 3299
3301 3391 3390 3300
3302 3392 3391 3301
3303 3393 3392 3302
3304 3394 3393 3303
3305 3395 3394 3304
3306 3396 3395 3305
3307 3397 3396 3306
3308 3398 3397 3307
3309 3399 3398 3308
3310 3400 3399 3309
3311 3401 3400 3310
3312 3402 3401 3311
3313 3403 3402 3312
3314 3404 3403 3313
3315 3405 3404 3314
3316 3406 3405 3315
3317 3407 3406 3316
3318 3408 3407 3317
3319 3409 3408 3318
3320 3410 3409 3319
3321 3411 3410 3320
3322 3412 3411 3321
3323 3413 3412 3322
3324 3414 3413 3323
3325 3415 3414 3324
3326 3416 3415 3325
3327 3417 3416 3326
3328 3418 3417 3327
3329 3419 3418 3328
3330 3420 3419 3329
3331 3421 3420 3330
3242 3332 3421 3331
3333 3423 3422 3332
3334 3424 3423 3333
3335 3425 3424 3334
3336 3426 3425 3335
3337 3427 3426 3336
3338 3428 3427 3337
3339 3429 3428 3338
3340 3430 3429 3339
3341 3431 3430 3340
3342 3432 3431 3341
3343 3433 3432 3342
3344 3434 3433 3343
3345 3435 3434 3344
3346 3436 3435 3345
3347 3437 3436 3346
3348 3438 3437 3347
3349 3439 3438 3348
3350 3440 3439 3349
3351 3441 3440 3350
3352 3442 3441 3351
3353 3443 3442 3352
3354 3444 3443 3353
3355 3445 3444 3354
3356 3446 3445 3355
3357 3447 3446 3356
3358 3448 3447 3357
3359 3449 3448 3358
3360 3450 3449 3359
3361 3451 3450 3360
3362 3452 3451 3361
3363 3453 3452 3362
3364 3454 3453 3363
3365 3455 3454 3364
3366 3456 3455 3365
3367 3457 3456 3366
3368 3458 3457 3367
3369 3459 3458 3368
3370 3460 3459 3369
3371 3461 3460 3370
3372 3462 3461 3371
3373 3463 3462 3372
3374 3464 3463 3373
3375 3465 3464 3374
3376 3466 3465 3375
3377 3467 3466 3376
3378 3468 3467 3377
3379 3469 3468 3378
3380 3470 3469 3379
3381 3471 3470 3380
3382 3472 3471 3381
3383 3473 3472 3382
3384 3474 3473 3383
3385 3475 3474 3384
3386 3476 3475 3385
3387 3477 3476 3386
3388 3478 3477 3387
3389 3479 3478 3388
3390 3480 3479 3389
3391 3481 3480 3390
3392 3482 3481 3391
3393 3483 3482 3392
3394 3484 3483 3393
3395 3485 3484 3394
3396 3486 3485 3395
3397 3487 3486 3396
3398 3488 3487 3397
3399 3489 3488 3398
3400 3490 3489 3399
3401 3491 3490 3400
3402 3492 3491 3401
3403 3493 3492 3402
3404 3494 3493 3403
3405 3495 3494 3404
3406 3496 3495 3405
3407 3497 3496 3406
3408 3498 3497 3407
3409 3499 3498 3408
3410 3500 3499 3409
3411 3501 3500 3410
3412 3502 3501 3411
3413 3503 3502 3412
3414 3504 3503 3413
3415 3505 3504 3414
3416 3506 3505 3415
3417 3507 3506 3416
3418 3508 3507 3417
3419 3509 3508 3418
3420 3510 3509 3419
3421 3511 3510 3420
3332 3422 3511 3421
3423 3513 3512 3422
3424 3514 3513 3423
3425 3515 3514 3424
3426 3516 3515 3425
3427 3517 3516 3426
3428 3518 3517 3427
3429 3519 3518 3428
3430 3520 3519 3429
3431 3521 3520 3430
3432 3522 3521 3431
3433 3523 3522 3432
3434 3524 3523 3433
3435 3525 3524 3434
3436 3526 3525 3435
3437 3527 3526 3436
3438 3528 3527 3437
3439 3529 3528 3438
3440 3530 3529 3439
3441 3531 3530 3440
3442 3532 3531 3441
3443 3533 3532 3442
3444 3534 3533 3443
3445 3535 3534 3444
3446 3536 3535 3445
3447 3537 3536 3446
3448 3538 3537 3447
3449 3539 3538 3448
3450 3540 3539 3449
3451 3541 3540 3450
3452 3542 3541 3451
3453 3543 3542 3452
3454 3544 3543 3453
3455 3545 3544 3454
3456 3546 3545 3455
3457 3547 3546 3456
3458 3548 3547 3457
3459 3549 3548 3458
3460 3550 3549 3459
3461 3551 3550 3460
3462 3552 3551 3461
3463 3553 3552 3462
3464 3554 3553 3463
3465 3555 3554 3464
3466 3556 3555 3465
3467 3557 3556 3466
3468 3558 3557 3467
3469 3559 3558 3468
3470 3560 3559 3469
3471 3561 3560 3470
3472 3562 3561 3471
3473 3563 3562 3472
3474 3564 3563 3473
3475 3565 3564 3474
3476 3566 3565 3475
3477 3567 3566 3476
3478 3568 3567 3477
3479 3569 3568 3478
3480 3570 3569 3479
3481 3571 3570 3480
3482 3572 3571 3481
3483 3573 3572 3482
3484 3574 3573 3483
3485 3575 3574 3484
3486 3576 3575 3485
3487 3577 3576 3486
3488 3578 3577 3487
3489 3579 3578 3488
3490 3580 3579 3489
3491 3581 3580 3490
3492 3582 3581 3491
3493 3583 3582 3492
3494 3584 3583 3493
3495 3585 3584 3494
3496 3586 3585 3495
3497 3587 3586 3496
3498 3588 3587 3497
3499 3589 3588 3498
3500 3590 3589 3499
3501 3591 3590 3500
3502 3592 3591 3501
3503 3593 3592 3502
3504 3594 3593 3503
3505 3595 3594 3504
3506 3596 3595 3505
3507 3597 3596 3506
3508 3598 3597 3507
3509 3599 3598 3508
3510 3600 3599 3509
3511 3601 3600 3510
3422 3512 3601 3511
3513 3603 3602 3512
3514 3604 3603 3513
3515 3605 3604 3514
3516 3606 3605 3515
3517 3607 3606 3516
3518 3608 3607 3517
3519 3609 3608 3518
3520 3610 3609 3519
3521 3611 3610 3520
3522 3612 3611 3521
3523 3613 3612 3522
3524 3614 3613 3523
3525 3615 3614 3524
3526 3616 3615 3525
3527 3617 3616 3526
3528 3618 3617 3527
3529 3619 3618 3528
3530 3620 3619 3529
3531 3621 3620 3530
3532 3622 3621 3531
3533 3623 3622 3532
3534 3624 3623 3533
3535 3625 3624 3534
3536 3626 3625 3535
3537 3627 3626 3536
3538 3628 3627 3537
3539 3629 3628 3538
3540 3630 3629 3539
3541 3631 3630 3540
3542 3632 3631 3541
3543 3633 3632 3542
3544 3634 3633 3543
3545 3635 3634 3544
3546 3636 3635 3545
3547 3637 3636 3546
3548 3638 3637 3547
3549 3639 3638 3548
3550 3640 3639 3549
3551 3641 3640 3550
3552 3642 3641 3551
3553 3643 3642 3552
3554 3644 3643 3553
3555 3645 3644 3554
3556 3646 3645 3555
3557 3647 3646 3556
3558 3648 3647 3557
3559 3649 3648 3558
3560 3650 3649 3559
3561 3651 3650 3560
3562 3652 3651 3561
3563 3653 3652 3562
3564 3654 3653 3563
3565 3655 3654 3564
3566 3656 3655 3565
3567 3657 3656 3566
3568 3658 3657 3567
3569 3659 3658 3568
3570 3660 3659 3569
3571 3661 3660 3570
3572 3662 3661 3571
3573 3663 3662 3572
3574 3664 3663 3573
3575 3665 3664 3574
3576 3666 3665 3575
3577 3667 3666 3576
3578 3668 3667 3577
3579 3669 3668 3578
3580 3670 3669 3579
3581 3671 3670 3580
3582 3672 3671 3581
3583 3673 3672 3582
3584 3674 3673 3583
3585 3675 3674 3584
3586 3676 3675 3585
3587 3677 3676 3586
3588 3678 3677 3587
3589 3679 3678 3588
3590 3680 3679 3589
3591 3681 3680 3590
3592 3682 3681 3591
3593 3683 3682 3592
3594 3684 3683 3593
3595 3685 3684 3594
3596 3686 3685 3595
3597 3687 3686 3596
3598 3688 3687 3597
3599 3689 3688 3598
3600 3690 3689 3599
3601 3691 3690 3600
3512 3602 3691 3601
3603 3693 3692 3602
3604 3694 3693 3603
3605 3695 3694 3604
3606 3696 3695 3605
3607 3697 3696 3606
3608 3698 3697 3607
3609 3699 3698 3608
3610 3700 3699 3609
3611 3701 3700 3610
3612 3702 3701 3611
3613 3703 3702 3612
3614 3704 3703 3613
3615 3705 3704 3614
3616 3706 3705 3615
3617 3707 3706 3616
3618 3708 3707 3617
3619 3709 3708 3618
3620 3710 3709 3619
3621 3711 3710 3620
3622 3712 3711 3621
3623 3713 3712 3622
3624 3714 3713 3623
3625 3715 3714 3624
3626 3716 3715 3625
3627 3717 3716 3626
3628 3718 3717 3627
3629 3719 3718 3628
3630 3720 3719 3629
3631 3721 3720 3630
3632 3722 3721 3631
3633 3723 3722 3632
3634 3724 3723 3633
3635 3725 3724 3634
3636 3726 3725 3635
3637 3727 3726 3636
3638 3728 3727 3637
3639 3729 3728 3638
3640 3730 3729 3639
3641 3731 3730 3640
3642 3732 3731 3641
3643 3733 3732 3642
3644 3734 3733 3643
3645 3735 3734 3644
3646 3736 3735 3645
3647 3737 3736 3646
3648 3738 3737 3647
3649 3739 3738 3648
3650 3740 3739 3649
3651 3741 3740 3650
3652 3742 3741 3651
3653 3743 3742 3652
3654 3744 3743 3653
3655 3745 3744 3654
3656 3746 3745 3655
3657 3747 3746 3656
3658 3748 3747 3657
3659 3749 3748 3658
3660 3750 3749 3659
3661 3751 3750 3660
3662 3752 3751 3661
3663 3753 3752 3662
3664 3754 3753 3663
3665 3755 3754 3664
3666 3756 3755 3665
3667 3757 3756 3666
3668 3758 3757 3667
3669 3759 3758 3668
3670 3760 3759 3669
3671 3761 3760 3670
3672 3762 3761 3671
3673 3763 3762 3672
3674 3764 3763 3673
3675 3765 3764 3674
3676 3766 3765 3675
3677 3767 3766 3676
3678 3768 3767 3677
3679 3769 3768 3678
3680 3770 3769 3679
3681 3771 3770 3680
3682 3772 3771 3681
3683 3773 3772 3682
3684 3774 3773 3683
3685 3775 3774 3684
3686 3776 3775 3685
3687 3777 3776 3686
3688 3778 3777 3687
3689 3779 3778 3688
3690 3780 3779 3689
3691 3781 3780 3690
3602 3692 3781 3691
3693 3783 3782 3692
3694 3784 3783 3693
3695 3785 3784 3694
3696 3786 3785 3695
3697 3787 3786 3696
3698 3788 3787 3697
3699 3789 3788 3698
3700 3790 3789 3699
3701 3791 3790 3700
3702 3792 3791 3701
3703 3793 3792 3702
3704 3794 3793 3703
3705 3795 3794 3704
3706 3796 3795 3705
3707 3797 3796 3706
3708 3798 3797 3707
3709 3799 3798 3708
3710 3800 3799 3709
3711 3801 3800 3710
3712 3802 3801 3711
3713 3803 3802 3712
3714 3804 3803 3713
3715 3805 3804 3714
3716 3806 3805 3715
3717 3807 3806 3716
3718 3808 3807 3717
3719 3809 3808 3718
3720 3810 3809 3719
3721 3811 3810 3720
3722 3812 3811 3721
3723 3813 3812 3722
3724 3814 3813 3723
3725 3815 3814 3724
3726 3816 3815 3725
3727 3817 3816 3726
3728 3818 3817 3727
3729 3819 3818 3728
3730 3820 3819 3729
3731 3821 3820 3730
3732 3822 3821 3731
3733 3823 3822 3732
3734 3824 3823 3733
3735 3825 3824 3734
3736 3826 3825 3735
3737 3827 3826 3736
3738 3828 3827 3737
3739 3829 3828 3738
3740 3830 3829 3739
3741 3831 3830 3740
3742 3832 3831 3741
3743 3833 3832 3742
3744 3834 3833 3743
3745 3835 3834 3744
3746 3836 3835 3745
3747 3837 3836 3746
3748 3838 3837 3747
3749 3839 3838 3748
3750 3840 3839 3749
3751 3841 3840 3750
3752 3842 3841 3751
3753 3843 3842 3752
3754 3844 3843 3753
3755 3845 3844 3754
3756 3846 3845 3755
3757 3847 3846 3756
3758 3848 3847 3757
3759 3849 3848 3758
3760 3850 3849 3759
3761 3851 3850 3760
3762 3852 3851 3761
3763 3853 3852 3762
3764 3854 3853 3763
3765 3855 3854 3764
3766 3856 3855 3765
3767 3857 3856 3766
3768 3858 3857 3767
3769 3859 3858 3768
3770 3860 3859 3769
3771 3861 3860 3770
3772 3862 3861 3771
3773 3863 3862 3772
3774 3864 3863 3773
3775 3865 3864 3774
3776 3866 3865 3775
3777 3867 3866 3776
3778 3868 3867 3777
3779 3869 3868 3778
3780 3870 3869 3779
3781 3871 3870 3780
3692 3782 3871 3781
3783 3873 3872 3782
3784 3874 3873 3783
3785 3875 3874 3784
3786 3876 3875 3785
3787 3877 3876 3786
3788 3878 3877 3787
3789 3879 3878 3788
3790 3880 3879 3789
3791 3881 3880 3790
3792 3882 3881 3791
3793 3883 3882 3792
3794 3884 3883 3793
3795 3885 3884 3794
3796 3886 3885 3795
3797 3887 3886 3796
3798 3888 3887 3797
3799 3889 3888 3798
3800 3890 3889 3799
3801 3891 3890 3800
3802 3892 3891 3801
3803 3893 3892 3802
3804 3894 3893 3803
3805 3895 3894 3804
3806 3896 3895 3805
3807 3897 3896 3806
3808 3898 3897 3807
3809 3899 3898 3808
3810 3900 3899 3809
3811 3901 3900 3810
3812 3902 3901 3811
3813 3903 3902 3812
3814 3904 3903 3813
3815 3905 3904 3814
3816 3906 3905 3815
3817 3907 3906 3816
3818 3908 3907 3817
3819 3909 3908 3818
3820 3910 3909 3819
3821 3911 3910 3820
3822 3912 3911 3821
3823 3913 3912 3822
3824 3914 3913 3823
3825 3915 3914 3824
3826 3916 3915 3825
3827 3917 3916 3826
3828 3918 3917 3827
3829 3919 3918 3828
3830 3920 3919 3829
3831 3921 3920 3830
3832 3922 3921 3831
3833 3923 3922 3832
3834 3924 3923 3833
3835 3925 3924 3834
3836 3926 3925 3835
3837 3927 3926 3836
3838 3928 3927 3837
3839 3929 3928 3838
3840 3930 3929 3839
3841 3931 3930 3840
3842 3932 3931 3841
3843 3933 3932 3842
3844 3934 3933 3843
3845 3935 3934 3844
3846 3936 3935 3845
3847 3937 3936 3846
3848 3938 3937 3847
3849 3939 3938 3848
3850 3940 3939 3849
3851 3941 3940 3850
3852 3942 3941 3851
3853 3943 3942 3852
3854 3944 3943 3853
3855 3945 3944 3854
3856 3946 3945 3855
3857 3947 3946 3856
3858 3948 3947 3857
3859 3949 3948 3858
3860 3950 3949 3859
3861 3951 3950 3860
3862 3952 3951 3861
3863 3953 3952 3862
3864 3954 3953 3863
3865 3955 3954 3864
3866 3956 3955 3865
3867 3957 3956 3866
3868 3958 3957 3867
3869 3959 3958 3868
3870 3960 3959 3869
3871 3961 3960 3870
3782 3872 3961 3871
3962 3872 3873 3962
3962 3873 3874 3962
3962 3874 3875 3962
3962 3875 3876 3962
3962 3876 3877 3962
3962 3877 3878 3962
3962 3878 3879 3962
3962 3879 3880 3962
3962 3880 3881 3962
3962 3881 3882 3962
3962 3882 3883 3962
3962 3883 3884 3962
3962 3884 3885 3962
3962 3885 3886 3962
3962 3886 3887 3962
3962 3887 3888 3962
3962 3888 3889 3962
3962 3889 3890 3962
3962 3890 3891 3962
3962 3891 3892 3962
3962 3892 3893 3962
3962 3893 3894 3962
3962 3894 3895 3962
3962 3895 3896 3962
3962 3896 3897 3962
3962 3897 3898 3962
3962 3898 3899 3962
3962 3899 3900 3962
3962 3900 3901 3962
3962 3901 3902 3962
3962 3902 3903 3962
3962 3903 3904 3962
3962 3904 3905 3962
3962 3905 3906 3962
3962 3906 3907 3962
3962 3907 3908 3962
3962 3908 3909 3962
3962 3909 3910 3962
3962 3910 3911 3962
3962 3911 3912 3962
3962 3912 3913 3962
3962 3913 3914 3962
3962 3914 3915 3962
3962 3915 3916 3962
3962 3916 3917 3962
3962 3917 3918 3962
3962 3918 3919 3962
3962 3919 3920 3962
3962 3920 3921 3962
3962 3921 3922 3962
3962 3922 3923 3962
3962 3923 3924 3962
3962 3924 3925 3962
3962 3925 3926 3962
3962 3926 3927 3962
3962 3927 3928 3962
3962 3928 3929 3962
3962 3929 3930 3962
3962 3930 3931 3962
3962 3931 3932 3962
3962 3932 3933 3962
3962 3933 3934 3962
3962 3934 3935 3962
3962 3935 3936 3962
3962 3936 3937 3962
3962 3937 3938 3962
3962 3938 3939 3962
3962 3939 3940 3962
3962 3940 3941 3962
3962 3941 3942 3962
3962 3942 3943 3962
3962 3943 3944 3962
3962 3944 3945 3962
3962 3945 3946 3962
3962 3946 3947 3962
3962 3947 3948 3962
3962 3948 3949 3962
3962 3949 3950 3962
3962 3950 3951 3962
3962 3951 3952 3962
3962 3952 3953 3962
3962 3953 3954 3962
3962 3954 3955 3962
3962 3955 3956 3962
3962 3956 3957 3962
3962 3957 3958 3962
3962 3958 3959 3962
3962 3959 3960 3962
3962 3960 3961 3962
3962 3961 3872 3962
